6.943890730896017
-7.326359411809954
-2.924582736192036
1.3632495173680037
-1.663275866597013
1.0361324326572947
6.020096353237578
0.5521681064351195
7.864270716238658
-5.533863689747306
5.276768138740582
-4.790552980887041
-0.7244000288650257
6.387287693469165
-4.11009195481526
1.0331577785138533
-3.2543167964329247
0.21601640629347954
-4.217530329932744
-3.054499550394137
-5.898946770728341
-3.1284347057507906
0.2435083536014746
-1.6795049607520862
1.1105215041498842
-2.251948912876077
0.14994001185020817
1.5050101997736964
-0.027814072756591916
-2.637958910637007
1.7936116481097228
-6.0588749453046855
-2.183400756745822
6.301308694494113
-0.37095309798757986
0.6150208883704691
3.6134989499024814
-0.8322912723248672
4.964485482109428
2.9043518191386672
-5.311398709908472
2.54855999801692
-0.0651738196337579
-4.155243524496903
5.146290663535197
-5.016831941904705
-0.7681568696848444
6.07950475237695
7.04008166164742
-1.4632107534356296
-2.178728976705874
-1.8561744908742304
6.789552185638067
-3.9674056314532815
1.1239185607373035
4.027564720814608
2.574690084504999
-5.6868637617691435
1.3072467395580798
6.517214661270602
2.785322108894963
2.494994540906397
-5.976681438540766
-1.5119149214075849
-6.173905476892752
-3.8152508955657387
5.759237711003097
5.220716068227091
-1.3035892016154298
6.0032413613049656
-2.375409649289092
1.6842706145173416
3.4028998914922504
-6.462365430145264
2.955961448846585
2.1280000461380713
0.9376918764637168
-1.1272893993156385
4.003086504716141
6.413564512807547
-0.06600861825717885
1.9894586775041692
-6.293033078606183
-1.3859648577886583
0.5973261905453411
6.236698097629782
-3.246592293046421
4.034696768291017
-4.318770060589918
4.650213377082888
4.349111206865009
-0.5373766435163088
0.7522347822580322
6.368864218920818
-0.6602831110598109
-4.455563786355
-6.512998724131
-1.1317832068359372
-2.411840414608566
0.9187253257509402
3.0180180950298485
0.31615632595169707
-3.98487244250828
-6.687726598932451
-4.724702210771978
-3.1681906499710517
3.647842970015997
2.4477787683293837
-6.289057877826728
-6.824890740078978
-1.2034838588480543
0.736895488678047
-0.5804413609348185
-5.563044013797126
-4.538611410438485
2.585847551866973
0.38805724540423725
5.1424012184833146
-5.9332228481529246
3.1364505770113897
-0.24052611675116076
-3.061282066555882
3.1211313707167356
1.8147718306771417
2.222108458238605
-2.8022163635509054
0.1472390584071377
-3.9989106408994344
-6.284578967427745
5.035490637106328
2.323298133422794
4.174830919837781
-2.4136783742916075
1.903152935464112
-1.1735071265908523
0.3211222992644611
5.267568141470408
-3.327640375778358
1.4022630071602933
3.3568167269934133
2.325873020008869
-4.761313684755854
4.262445002605606
-0.5434659463967115
-0.7703819625767663
-4.795907392540798
3.200966021089126
-6.2244132016829266
-4.0488306358898996
3.3954775036627023
-0.14864351801496234
-0.49225171469489837
-2.354887934803518
3.647056329395168
-6.425890375082856
6.851848214428495
-3.7929132169291844
4.891784249580443
-0.8022935197292647
1.9682244399803572
1.0371132970117483
6.096509590630927
1.9667302948730612
-5.302268457028647
-1.981889474437068
1.041944382659338
-1.3374361895563442
4.983798157314057
-0.9048736994935016
0.792921091235093
6.23790361796557
5.861724724103526
-5.744470396318652
1.7246258927538527
-3.40938988958269
-2.6264766574383085
-3.155584696339831
7.021257877334042
-5.334189319590315
3.242222409452351
5.9152655055126
0.5380641367740937
0.039875792913647956
6.741251781214636
-0.26349204900645073
1.1836644465844195
-4.173382892086794
-4.546899401506359
6.561812928675812
-6.317388952018652
-6.240404615034379
4.584776261757266
5.27413776134472
-5.978643853695112
2.9924237348804006
0.2967574332123828
-3.8539202543693736
1.1829573556587434
-0.8400430388521851
-1.614914699594829
5.446801812439295
4.571932292606963
-5.6384505884394995
-2.6000662051746843
-1.2099710904651102
4.6572823449994685
-6.545950634092042
6.572610914192309
-1.9513984740928971
-4.857484093445706
0.8348226804241788
1.5338149710182192
-6.7528224349510255
-4.374974716368088
-3.730798756146104
2.3031185427212653
5.047441664465116
1.7435944580233844
5.046164524021192
4.752217850509768
2.9138914775654055
-4.1961320603159615
3.8426945450529635
-6.7373954218132
1.9203073601399572
-0.15573196238160075
-0.790233477581643
2.3360517984485276
5.144385332495344
-5.92694298451103
-6.074156506954362
6.423092576782431
-0.039889099995620146
-1.9799751809100623
-5.613497180956078
3.5311355178225887
-0.5584305402280986
4.62104370010242
-3.5697526180042014
-4.602930285171328
-6.287723602819529
6.900123581775496
1.2773868753035416
1.771436006573035
0.9423456828224914
-1.4985954212898163
2.8724404673842816
5.632623449358086
1.9928143095598063
2.271965500595531
5.87253986020602
-4.580272021548222
6.897907368672952
-6.217183381971856
-2.2062623258203766
-0.692600862306973
5.392133167688202
-5.9322031874981125
2.9288756193026533
-0.5335721085934049
-3.569592630831929
-3.673156684738945
-1.9299094470969331
-0.16900148386867464
6.180399667853841
-1.4878316856631635
-3.056377631215577
6.756923681702743
3.806172748461128
2.511964690730883
-2.7591484290251582
0.979733457251486
-6.14280007318357
-5.928533080157656
-1.1393657317386765
-0.054556516506569785
0.1405584867688745
1.1382904205214057
-4.545853936656194
-5.612304618992199
6.361522108191858
-4.956528107863889
-2.933861198167398
-1.116435835400322
-5.545824485014039
3.7729945063306034
0.17619483439865252
7.363488783467146
-3.920103501888634
1.7131389696219288
5.533710919629066
1.011259347202105
0.44766050412209457
-2.116688143865438
-0.38033818180807305
-3.957422061822914
-1.549205240791959
-6.483913539084792
-1.7762005436291417
6.925884602369428
-7.46684628207562
0.19671011073068115
-5.5725958405079385
-0.1263961012767753
5.472385308185149
-6.293152612212776
2.7219826819650574
6.085445076335179
-1.88147925847701
5.855589202076421
2.191270983469324
5.123396576714341
-4.360159326534996
-0.14589393462794023
-5.638443268274695
6.365994982114428
4.994133375350969
-3.068566294560448
-0.239299901248139
-3.7622987017192613
1.304374664699937
0.03657496762343104
-5.732963464287689
-6.135109923230695
5.381526766440366
-0.43747609353045114
-4.291282706625674
4.5960034412350605
-0.3105095509500373
-1.3688174549257752
-0.25675996098110865
-6.664368286137453
2.925539875904846
6.606606905964764
5.030312317182776
-3.8823197650712298
-1.3644639467245794
-1.6284318726625377
0.4558164812907828
6.4719875224953896
-2.714264336225516
0.555808106727449
0.19255400976560022
0.5533323729302824
-3.1157597790926306
4.499320695966244
1.7260199310800406
6.069376577989749
-2.266254622783096
-0.09824444874786753
-5.143417763001148
0.04880562513890219
0.6523701345066133
-6.874344376763383
2.429004727798409
-2.4696911613283365
0.6970106438210024
-5.972145072656864
4.1841852865209415
-6.0417717795283075
-4.993323189167912
5.147918392541333
3.289955977654609
4.877072993297697
4.3465850131027
-0.5652396355135059
0.3090656436392143
2.5445355980452664
0.06386138648828688
-4.282981302143653
4.12046771481706
2.8211053628393774
-3.994169553613307
0.8041610626126046
4.7075540152975766
-3.114541844300495
1.6198135481893363
4.802155139554204
-5.372734328072136
4.883167131454874
-6.785323106349211
1.9570825845024586
-1.7585507004631067
-3.8674309006615313
-1.5894368543949158
3.8970015465069476
-6.567298446575419
1.1650195058454482
-6.046436748856158
-3.9752291382694445
-5.66448442010415
-0.4986652532150657
-4.531940109092632
1.8133066216339309
0.44553861230033487
-5.206045683400217
1.2667219785834067
-4.5164936523009
1.8130760860629618
3.2972792399282866
4.702174009742446
2.0445848605986523
-1.6973354308036486
2.852983730372026
-2.4899857800769913
7.0111879367142595
-3.763054568809196
-2.083510933095819
-3.435209064812921
0.8073816457613772
3.881756283186272
-2.7148165820355734
2.5451575052676656
1.2637337755624287
6.9220800445463055
0.47430529732501636
3.3262855685183563
-0.0898314778961975
-1.7547468386201004
5.082778663872739
4.811064311693432
5.958662374643536
3.141767487087181
3.556863147642746
0.014733655779457067
6.179096082522641
1.9098022954806293
-1.877519124587855
-0.5102400303638426
7.04495284894935
6.341639518734446
-3.9370602521404527
3.851817540337713
4.45040213906737
6.669785552137242
-1.8545222716237673
-1.3328862042511416
-6.730992029672291
-3.6133878504443557
1.8272489691833442
4.378159837349649
-5.070042602727617
1.3174148053850132
5.44176032303
3.00668578875519
2.010893574829094
-3.6799601643915802
3.6291461753918206
5.079680266454215
-0.9990697447088488
-3.2917824952907213
-2.7103986128929227
3.1678203746075138
-1.924223403364592
-2.8274457977648035
2.762732964583371
2.3772429650165865
-0.10765351096434106
6.59867583131877
0.8577691609072611
2.32868727794121
3.5427403164630533
-0.402333938710294
0.6920370296847151
-6.574387505494493
-0.776459723819138
1.9067626129405646
-6.654495333193425
5.796972816998792
-5.349159888734428
7.061214080218994
-0.4211897164276026
-2.3911739061041812
-1.9636004985155946
0.9725353625659654
-0.7389606264375184
-4.88331046805765
-3.9034767555433847
6.8766561967808375
-2.431063503302588
4.0046309430075855
-3.375378903414304
-3.598194873296258
-0.3636341837017233
-1.6452050449180846
7.202636673721503
-7.357302707180834
-0.9962738429257599
-0.7809541833463295
-3.2539054843151782
4.550695456865264
-4.468790279222581
-3.0417413635686397
-1.752962312063072
4.875595451250397
-6.920011247252564
-4.3746364347688385
6.817600740537876
1.648069030362826
-4.499650738231475
4.7438607184841
2.3571444351548934
-6.87044592242687
6.953180068816024
-6.320836346685342
3.9873896506127555
7.31261123269822
4.411568490083018
-1.5891191144951042
-2.0246130367073882
3.4835812784418194
-0.7040179161881024
-5.423805131148047
0.25307913830979106
-1.4793257741678252
5.825832431882558
0.31127710827889105
-3.8955801221536093
1.219967667955969
0.8242828583848202
6.548293288688523
-4.848810873308537
2.0810216010104217
3.534059935856373
2.471834966602353
2.1232738088434715
-2.366531154608966
4.7783549878161224
-4.790366549920066
3.5684144936037114
-4.758723310774759
-3.486208148600525
-7.015608079122139
0.1923767847010165
3.8413508527506632
-4.9313365305924135
3.9063107887699395
5.359753454924842
6.40293508007132
-5.111554732468455
0.5858357288731204
-5.743581615805915
5.186764937446251
4.419836978584316
-0.38842525523400795
0.4670309761547946
2.270553898559095
7.018429698852193
6.388173361680378
-0.12258181637309207
0.823895358906408
-2.0267738837038056
-2.249170183542166
2.398756972473093
2.431767939841359
-0.9467180239748201
-6.897659765267277
4.688372594246028
-1.3083221960278202
0.5787784497408976
-2.4432595026296076
3.9441076103788433
-2.260880503582878
3.788739973046921
-4.253378377867777
0.9455168991850957
3.4071838973569157
5.292357291904613
-1.6324495914135886
-6.787099280104649
-6.196481990503973
-2.150623800456275
-5.909449737736435
-3.560603724466229
-1.5504158609307988
-5.017795580596482
-1.6968430144361744
2.088303150239522
0.20243311282965948
-3.0033305856461707
-4.769064646995561
-4.983750865468771
6.943017401748252
-5.83121658875628
-4.1888274890284904
-1.6227779284368502
3.1463334828439145
-1.734514314613416
1.9379367870583888
-5.850966668072844
-1.510702165101617
-6.06724087663739
0.9698579906691887
-1.585270722408202
0.6318689525810921
-2.7909333112686268
-3.6401686784427096
5.800562184076336
0.08905924791028497
2.330543006192249
6.960978787337268
2.1294609628018026
-2.7856114838188244
-2.312526948517317
4.253063208139455
-0.4441227048853138
-3.082530876034769
5.409019521045346
5.2778439238718295
-6.300555417526098
-6.409345105265923
-5.041229942736273
-1.5055145120358775
-4.989047343268853
3.482400855959808
-2.1858661451691628
6.294668519953726
6.875562852021277
0.25846139780752253
-6.9240544937804165
3.9942788882467486
3.8351136000479613
-6.329801120553809
-3.3228088117439847
-3.544543116067963
3.7276947545729815
-5.1578193387406435
-6.881577394497041
2.157010256068247
-0.5767336020747189
4.989701053651276
-3.541535177727525
-5.163086290498002
0.30106003356252753
4.218634593175803
-5.349383286349146
5.944479621965435
-3.522112964290306
1.508761243081235
-3.3324023242328336
3.467765825676146
4.95068827832376
-6.664738062352977
-3.326345767425636
-5.702694358487441
2.9253299352659052
3.916602832669737
2.3847755945191498
5.561911337732193
-2.9179701530339734
1.692284877365763
2.046036302922733
-2.927979830978911
3.5159968114136966
-0.3166340596709638
4.0881626633777195
-0.7595477048618644
2.2899048948725564
-2.799686547584507
-4.973765540345026
-0.41082941637126336
1.7502792660637905
-5.433858139548094
1.2676787654601878
0.4315210964769607
-1.622203357826253
4.641404749089837
2.50172086861825
-2.219631408044455
4.196947085330674
4.454019741828853
6.9048304063545345
-4.252516888371174
6.299669514898518
-5.33988440681894
-5.271165544027963
5.574064422223037
-1.8180305000133483
-4.809188492207861
-4.990507327655125
2.980712873746121
1.0395496812394807
-5.237714092049145
-3.9212382021193473
0.5720768913066527
-4.057472082841913
2.688883386415062
3.486457067272412
-1.8380932875320517
-3.4021082618909766
3.7921607456179083
4.2073232684792785
-1.8644379739176984
-3.2268813067911992
2.7928843671466157
-5.568278622306535
1.5259670981719902
-3.8624840216285863
3.755211402819736
4.316532429782779
4.132953591283071
6.371125671959388
-5.966183241460551
1.6690874856133522
6.965452578035508
-4.383087671037263
-0.8928630310032546
-1.2517920874818351
-3.3086981359748355
4.335933041705103
1.3299381528061234
6.269806677110476
-4.058141756832628
3.7639486967030433
5.244213117937529
6.062874278465779
-6.491010384737908
-0.9080954608800577
-1.6221473667476145
6.0555631978180315
0.6567795310674853
-0.17382276628848192
4.509684475789097
-3.4922427247503065
-5.485938107652138
-5.1242941556206265
-3.232705390594555
-4.231610661899746
1.606336431493924
-5.8947112234622505
-1.6417823468279575
-5.502063174698238
0.7695250484914791
1.1205462590867459
3.36975051287728
-5.0283097332313655
-5.016297564540759
5.703252560285749
3.3788913419713307
1.4539471703727784
-2.916951470368419
-0.8937276060264727
5.318485895020194
-3.79312055141623
4.95577891892281
4.5662357520472
-4.484878246040356
-2.407937170014388
2.1250030971144263
1.7997319260760634
-0.6974405397933632
-2.54872444672041
-2.775503073723269
0.6747220335637731
-3.0568380864616493
6.244085795776764
3.0890485710049322
-6.1812223705347735
-5.4418795250302345
-0.33086248071915225
-3.0853221669007618
5.009811162077369
-0.9481969691333133
-2.4117033119641142
4.469581791322929
-5.42048538673493
2.4449207053235216
-3.9561212930392013
-4.125540826712344
-3.2067529797455094
-5.844670544620251
-6.066882744012758
0.8288435693777412
-6.077361702261046
-4.50524538799954
3.7232847401607563
6.020745925277079
-0.028755605912456163
-4.473033114902217
3.5699965354896905
-4.396326547648875
0.9706317102803566
2.989908841979991
-5.549912482705368
4.166933535776685
-4.153130294304467
-5.426511643627746
4.799826361037391
-6.981658066634545
5.815540508419577
2.7278874322650526
-1.4266537035092823
1.5151960682992192
-1.7469160294367194
-2.1097715735333904
1.8016314947610168
1.5058953075131525
1.0785504681000968
-5.172547064612141
-0.8753061847872212
-1.8942455023752123
4.330795505726224
1.5754723021714856
0.6719899556151692
2.147389095488185
6.663872309859558
-5.893492686802673
2.0239209678954833
6.756198217587549
1.5900624532672047
4.092795068554352
0.028568209623443863
-6.271394429546836
-1.2293885973220728
-6.111592136740098
0.4343126517712088
-1.9060366528754766
0.33182337106085225
-5.260056920910232
-6.4067961368401685
5.800152783776138
-0.6200854335549293
-5.537663233844691
6.949224309501984
-4.424318099689386
5.624715389238476
2.6320911383180476
-1.6796642306275498
-2.31997016688333
5.285444836908441
-5.774646914960254
6.64724199606885
-0.5733959699258735
6.148706908791308
-3.3968510037527264
-4.736445896120994
-4.905868070922292
3.3488698540873028
-2.348407758515199
4.531229864261078
3.885813424283606
6.578757964245986
-4.92547154757384
1.4805392510033073
3.632785880889184
2.5081972464797193
-0.6091320795182655
-1.3640194744928307
1.8957190089452656
-3.3614774880442937
5.824460890643278
3.731209978199125
0.08117342891374335
2.4778494227635957
-5.350463880092464
-0.9177219145088884
6.228459435884929
-5.702929548664126
5.462957389663682
-4.849646241156345
-6.864556462795115
-1.662693084286306
4.598369614141999
-2.146515470819189
0.9626999386364652
-4.1378785226462735
-3.440910560764743
-3.1464217078799073
2.2558502775052336
-4.444251051327452
2.7961933363273506
-6.482121783467178
-3.052413092713471
3.4506796834227487
-3.8304958796103312
-0.5678282202656497
6.954704370500073
-1.6837140572273928
1.5457259639608196
-0.040308192407465526
-1.2956203774374213
0.6087522071253444
-6.215384396837695
-2.126925067824737
-5.791626630241516
1.750502915690456
-0.47985316829368063
5.236903713259618
-3.20831294940021
-1.6549283268954804
-4.409240603567158
-4.928172141341932
-6.072040405809536
-2.9340505695949233
-6.420181389012888
1.378327874745013
-0.514693168717856
0.7158220486679641
0.8275623909502832
3.1606190661142417
2.588400783591103
6.563441103962761
-0.6197833341156862
2.2162376215458295
-4.804988104225766
5.515782703762765
-2.6737325765703828
-1.330925236743128
0.8169188246102355
0.7141196390050055
2.8943143553289943
3.2226990242433082
-1.1394445539871594
-5.281835137543347
1.0892848624611169
-6.7521090541521485
3.8345292839488483
-0.4209248626854931
1.994197511004252
3.429308564706737
6.428371421330803
-6.149425274807366
-6.5452845804484285
-3.9084188556392294
-0.8006063788594187
-4.53975099759694
2.6906590533230013
4.735029115400566
2.5598871944703774
-0.387929746884053
-4.148597719357079
-1.3021001347610532
6.321052085618655
-1.741360906047766
2.716409712885934
-1.06753438837125
-4.202567895111113
6.923749625543135
-1.960435692367513
-0.32597010192978626
5.532501106395092
0.4286487093252065
4.038125068429606
-1.4811414838020465
0.5264761478085056
4.93897926436032
3.974498127411353
5.42054708941107
-1.371771924770738
2.515722789253113
0.3727418802381628
-6.597487124409432
6.840584124216017
-6.926531348422954
6.775558765381618
0.8285130902576938
4.119172268079234
-2.635285729248758
4.802733969984121
2.8933202746244415
6.978233120878492
0.5185130633989244
2.0458340297691864
-3.6736418379548024
-1.9802302534407203
7.062094137815064
-4.803608249718279
7.133127151949328
-3.0434618252946395
-1.4095378106668017
1.1264788247340678
-0.5746996441535003
-0.9831296923839088
-4.952352792105348
-7.042263871123623
6.343897381575591
0.6750205955450107
-4.3680224621960235
5.9308060189148915
3.591197389505049
-0.8775678685268534
-4.960097275378822
3.48938247473767
-2.2952334718521676
-1.629340161553552
-4.583337915799101
5.079762720802438
-2.015991759240298
-6.73149484750851
4.237303683215701
-2.971474051107665
-4.726632240346238
-6.383050823202323
0.11981942322843371
-7.857030518478006
5.749846480384885
0.48509212152763237
-3.8677261634402087
4.952041350142201
-5.734745039673923
-3.464843005960497
-0.7508393275593539
2.7214565940914266
6.329548693740424
-4.779453865351224
0.34101884313176445
1.6573990353648274
-3.1595950929078507
5.252719165359787
5.9994427947915465
2.284938066427827
-6.898608608620068
-2.5270807342883232
5.846706733424439
-3.0858561032915452
-4.968250363300557
2.7259943054964904
3.1031317430973413
4.652679786029273
6.439071933976361
1.6277835709131292
7.029894249145785
4.113936307546897
-6.0355634484938605
-1.4074883418868946
4.059211106532663
3.2589897803105075
6.776129873634954
4.06718649069734
3.026823570361433
1.3707248303455621
-2.5311386133411666
4.041541809392369
6.873372754778822
1.6860993853956394
-2.835290610747828
-0.18140880575968765
5.81835844511428
-0.993186300651792
-1.423345900565602
-6.832403782881992
2.422420430671159
3.5807611509552912
1.9802882468074838
0.5697791073051591
-1.7761572590631238
-6.1063315948094505
-6.452910826407567
-5.112635789504633
-5.496421629727145
2.711454361992046
-6.444500783842853
3.5160535859996904
-3.3751980249776374
-7.0339118553928275
3.3143999496600913
-1.6072073213923612
-3.0167930542031014
-5.997392830415197
0.11315674002457328
-4.379912297696374
3.1087941755503246
1.707664998073222
2.669547103566058
1.1827886465539121
6.724511455876699
-6.8924720681855804
6.529811075372046
-3.9729674231039005
5.030696773867645
3.625876548346259
2.0091032274679184
-2.1964550902168387
4.453362340110754
-4.984759191197358
-1.4071536900903954
6.980625061786413
-4.697748001768353
-0.5345479196932708
-6.002229674806899
-3.4269132458008915
2.091881876684214
-4.644402187380566
5.408276976618282
4.303435055150112
-1.8396179949104017
6.991616476195388
-4.526266400977936
0.8677117513224077
-0.8349952833055587
-2.6700227298397428
5.112378073773542
1.4859191849986129
-3.8987538121594367
-5.039846919276217
-4.382544772963393
4.99668616523682
-4.870401036715686
6.814479273248084
5.77888064564997
-2.3735258680170688
-3.8062297092164177
5.73174056029052
0.13720814476295828
0.5839818766885125
-0.3050090372274976
-0.33906249870328864
-0.05320428945462918
-3.87402352155691
4.88757642244979
-0.3065379319786121
-6.292589737195262
2.2617980349427267
-0.3013591343616895
4.5059364384419585
-6.589911050274583
3.6922067552862305
-1.2471270389115343
2.037561835520455
-5.493461826805671
-7.173438935552724
-0.0065864338457553235
-2.213333609991387
2.1051323431419644
1.406524167314134
-5.64035473106363
3.470152813311724
4.785168719598933
-5.666795009725541
2.4003166353398817
-5.940063482125387
2.5016035369945824
1.8487644006761843
5.546527914456606
2.3646425908603828
0.422955063226461
2.6336332577112715
3.2858203532549415
-3.0515425521213873
6.98728359447679
3.2450501384763726
-2.032825288109169
1.8587123047299652
1.786550593484355
-1.8284989243330063
6.8492055018687825
-5.389880897740608
6.931873557754024
1.1470226659874176
-3.8372077606970825
2.143079021876646
3.809425821719403
0.08798270935074778
6.696701783129358
-5.545103773621095
-5.462444162471363
-5.181748708477319
-4.577548095646944
-7.0139474200327445
-1.31403725683495
-6.607164821614168
-6.42700368015405
1.2839019059096126
2.785683140978853
6.928196194442459
-2.765320528580125
-6.158819907739162
5.320230645326323
-1.0794802329553723
4.809563350336196
3.2156780334910287
-3.5059812271199675
-3.789658752462519
2.941973360472762
-1.3724349856631939
-5.79519420974527
2.406677426586036
2.959232476002754
-3.6248149908658043
-2.408522465412484
-5.720389287181726
-5.370072825013077
4.979459092878309
-1.9490826519615243
1.8661617026475137
-3.0063056632778595
4.404946101895729
6.759300027794151
-2.0878446179239862
-4.618959616745967
-6.924675575068608
3.667747477298959
2.75124379699165
-2.5953953890646715
5.352876625297161
3.9319972502211606
4.018427889455447
0.7728289663035676
-5.583141618244801
6.206118949089607
6.015511600676968
-1.9070222745843175
-2.5686560935672906
-3.2412643037769615
3.5568473544425903
1.7109996264431562
-5.170395579626669
-4.647084870357775
-0.8131729690104725
-3.2742498640431865
-0.34272427084465384
3.85892460083004
-6.505122958563453
-0.68673540220927
-1.2647693301943663
4.378757020493564
-0.155398475012813
-2.4761276345029772
-6.1858516787093265
-6.268177711401118
1.122549239498806
5.162626381968781
-6.109158221939318
3.5848078187036734
-6.7900897856412445
-3.5671889915507538
-1.4041018062069712
-1.7776234990153057
-4.966727804791212
5.7624715510752065
0.5757623934640739
4.506545769255405
0.2271053813994044
-2.5549536658881946
4.464410319842671
-3.816833685882947
2.148418223178586
3.852490401997736
0.03882065610021446
1.9074323648664002
-6.816404693065125
-7.345624378304359
-1.1650780700689358
-6.327289823303035
-3.8896366052619538
-1.7057868352280878
-5.97718382148119
-1.9004779953758508
3.090194584727078
-6.6142228360871185
-2.024943969819927
5.248771492679328
3.2369330845966693
-2.4390460216858703
-1.854592568164399
0.841780348806827
5.1528010765003005
-0.7286245832302836
3.4679610784310366
-5.025964939888815
-1.8830619459677858
-2.616471446297816
-5.604492880580526
-5.712747102296431
3.928386169492033
-4.636232344644582
-5.306278865023073
-5.592533617143386
5.6914684163794265
1.8842345215349663
2.9412295702467333
5.2240646570276015
-6.459304233252222
2.706615237105242
-4.475024512205627
6.159054316627291
1.571973892021944
-6.244516428026749
1.656138016980108
-3.1164464137573624
1.786108601838965
2.0883066064894678
-6.571238095235605
-7.06392205610041
5.277737180795496
0.3907588477605506
5.8485966547678885
-5.124098413379086
-4.4984521085579114
4.680353377061342
-5.513739065796102
-6.125744675179148
-2.957898410458024
-6.250329811488976
-0.3915848992287376
-3.2627823692007425
-4.2947452159241175
-6.580644848038068
-4.3895340535812934
-0.13129188309556117
2.4014079039129896
3.6835962105092825
-3.715431201849896
-2.5910661140988447
-6.150296411783977
1.1881801522233175
2.7674413755084757
-5.843099638463546
-0.4657547844988734
-4.467666799994996
6.035723083220672
-4.621875761826647
6.604020543907939
-3.734100327455105
-5.241700172175521
-4.689702800098072
3.103252159736586
2.64604841085284
-5.236707157078536
-3.766136576090383
-5.6328365710175
-1.0431749223689175
-2.2461050375700817
1.3580427982010417
1.5780991202815822
-3.5734050622827063
-4.691840789722443
2.5565156587149245
5.4077885562508845
-0.07571410666428477
-5.00655409837891
-2.6275914472363935
0.4872932872090487
-4.8145194588525335
-2.2743557622755604
-0.7869206034136268
2.5237382941043527
5.228691775254419
2.814051059112495
2.213577884839935
2.645226513255649
6.672791962575718
5.5964824978337
-3.0568363588780127
0.9719996345561757
-2.7429333983464077
-6.750912990818764
-4.520514497181358
-5.818006468911888
-0.8328606167998517
-4.849458861920134
6.763857425710924
4.758934662402207
0.23867937731091762
3.143816946135092
3.100988392394043
1.5757821569783603
-3.81005380939755
-1.0116801525104357
-7.001251390021747
0.4706693936996693
4.093200339476647
2.396516487153173
3.7635728466137337
-4.0681488059093915
-4.726131490581663
2.171305124207109
2.357779843239255
-0.9181078479712124
-0.5266159885606463
1.0832318090715418
5.430801088546252
-4.099739025172081
-4.81481457514959
-0.10760161729989726
-3.9323624280019303
3.468457383939132
6.608061650517401
-1.7212652130703887
4.806094098958056
3.659469670518284
6.365212831488721
1.2588248296954738
-2.383023800052306
-5.483979730729146
6.3603211884294275
-6.700079514514324
-1.7162150163268315
-5.023552081079419
-5.520676941445686
5.253483460122965
2.3285351783630723
-6.406387891119394
6.7977340402773105
-6.360234728754841
-2.868775666464625
-1.3625862287020691
-4.659710967318562
-2.292531711122418
2.6591718795450667
-0.49360026789466094
-0.8784141576256372
-5.1434129690624975
-5.503351080751444
4.716153722755022
-4.194960205277093
3.62671940154922
2.522525818467109
-6.660824816076311
-4.18602324700856
-1.372869524903547
6.5476580210292
3.2216383252237097
0.9581131860990233
1.4031104348342485
6.196410678979632
-2.1082847488605276
1.4464239546783944
-4.035953164148072
1.193993005650718
-5.92953573602491
0.8097385948053857
-3.571363898731716
6.312907708506243
-0.5850132847863359
-1.794885766950829
0.8625158091076193
-5.228660501963805
-6.956601268527658
-3.1920202450800645
-6.7473557369035655
3.6037831781436243
5.20841473279898
-1.452187628223844
0.0285043389637476
-0.7231110310473561
-6.198845610812431
-6.000349614786525
4.890726818923444
1.3221557422577686
2.6783612851849905
-7.0463665741645904
3.383664491104766
-6.295728853071454
2.4318617199831083
-1.2797270518112305
2.0859819695734823
-1.9230305457535553
5.3675471810438316
-5.667729917218398
6.658782596520495
4.9034123805824
-3.9651283461348044
3.054666276020434
5.3999529692101875
-5.230816049493768
2.540274343911194
4.481823809597259
-5.176142664401075
-7.141223811370029
3.8080585496454886
-4.444928721783199
6.263535899859392
-5.074554200117467
-0.8311426045759963
4.165253943057997
-1.3973707807700149
-6.585511859948568
-3.211509208545245
4.120040712009676
5.071803700304386
2.9193239044071104
-5.173424580807103
-4.924835081913094
0.6031475029013565
4.910566278371021
0.009188413374900783
7.452570786679266
-1.0091798249071864
2.492255644180584
-3.6050473860348005
-4.075581291676356
-5.562374226319326
-5.802956495665225
-2.072137071316817
-0.3728887583712819
-6.903070957497783
2.3489911349210466
2.470136426665567
0.31252884385086865
0.042460743481244734
-0.2282928157822015
-6.832307332956187
-1.002415858155028
-5.177787975347056
4.313795638020318
-6.2215905564903995
-7.057275232781798
-5.674331132976613
-2.8199225374226797
-5.918715750571619
0.40464864649735865
6.520845934060564
5.7194276957411745
-5.346260860004055
2.8065527110525537
3.244695458317544
-1.8461084549982294
4.692788499673306
-2.520488314365754
-2.3800886007090405
0.8438984104192446
6.635835127416474
-1.0151006632770079
4.046484488510497
5.678076083798096
-6.113165447995371
6.533743037296741
7.015645849072767
-3.825581970178124
4.912641524529995
0.5184059990629483
3.386206290146413
-4.468228981475168
0.2962702651277097
4.189481912044327
6.662850348575244
2.5220537819909588
-6.484070186708972
6.540527831995974
-1.6551246177470662
1.5392297448238932
-2.8277715371316994
-0.6598440658597192
-3.346792947029069
2.583699112950584
-3.8027612439805374
4.779737621176385
4.203586362599318
-2.8697742438646343
-1.4756045580070318
2.3823343473291594
4.3800969385234705
-2.634377703798035
-0.26530769302312895
2.4239545570340706
3.649818181313807
-6.033397910356469
0.663481655468598
1.5565699659565324
-0.6428947859348816
-3.8255937837578564
3.612300680350532
-2.6195686901577466
0.8472769883900391
4.811801270838521
2.6881939252500517
6.796159244572629
3.532820596378669
-3.2147213251931572
-4.982617534740084
5.456096980638513
-0.6957938587978783
6.720905287019123
-6.122378300038393
5.63536822984377
3.4936240905736735
-0.19130477967652393
5.600178325252536
-3.86774509099966
-0.05149903408323464
1.6468793468647434
-5.3271479181202395
-3.2688712570346468
0.49216294924266446
-6.750311774653214
0.9870313499184338
4.705287951403362
-1.375212369505614
-6.406376128760194
0.9879579413384469
4.32304239413593
-2.8385606087444977
-1.4649436435835188
-6.565630035823361
-0.39142802473645233
1.8581526592115427
4.861826574853948
0.7707144229577194
4.687897113040826
-1.313488288042521
-5.799620161758562
-2.72410091791191
-1.7466912114904476
6.557871554007404
-5.6046724270716926
6.226224175017382
0.3279176032614952
2.8336789089749317
-1.7723998025632364
-4.6962090993089225
-4.336238047618494
5.394277679103197
-6.776790518681322
-6.792549893892272
-1.036585656315269
-2.5419909736770023
4.256635258562716
3.6454516437652
1.8916195703362644
0.7418989998276787
-4.432757606885882
-1.328874184046063
6.2011795973845665
-0.0855943800198535
2.8866916464771775
-5.003907361658074
6.589678112645662
-1.172785635107127
4.249702064337474
6.4985239226258
-6.536513541174085
-6.110856715027446
-4.055446791759805
2.2514833962588696
0.9042005950479188
3.4051176893008055
-0.04908997185608993
-2.5629718179098337
6.987540946368722
-6.0975112904283515
-2.3151968786995583
-6.3629574598372045
-3.5412294029140754
0.34706507457828406
6.249568567631822
5.38774670151568
1.8577696387212135
-2.5554749425962204
-3.7587792978773926
-6.730645207707664
5.190606727799362
-0.7398791051338313
-2.4936132661695423
2.8024798689049493
5.299271103820343
4.0791747747763365
-4.627389538988938
1.5415831724438005
2.517077616257352
-6.577322851487337
4.14574244244754
2.222717128253822
0.20723631947783352
3.184792418555654
-4.790786975622493
-4.756513174381279
2.4218123000810254
-6.4201709623974965
-0.5644190326390748
-5.358233812977253
3.7009081601305978
3.2939693573296904
-3.500232169178209
-4.0704345278369
-2.060003516256537
-0.3388758692554679
6.647140488527201
-4.767554155254439
0.07915832912096292
1.317364496653338
0.06070604079806741
1.7622391025074593
4.5805862768907994
-4.062688540689504
5.125886322198817
-1.300367735896049
1.6161156013623572
4.434949008998536
2.533878565802973
-3.5155087599343915
-7.015552615610089
0.6927180351146491
7.0228296994590735
-1.5286860127899198
-3.359090568179974
4.762792799919259
1.1104001351226156
-3.192755284840705
-0.2898758951672171
-5.105264719395232
-5.9020323082162545
0.7330930405254579
-4.778708188233507
-1.0997348650410794
2.431607927006528
-4.972283583136887
-1.33728413688028
-2.2212093939598736
4.334267823799587
6.117031417924062
-4.335239876675052
5.870282185919427
3.366292301528924
0.48748246255945826
-4.776012055405475
-1.0328993056262776
2.5096860458033134
-6.201147874283354
-0.8443081022417767
3.852878087623777
-3.0627801237556316
-5.331657328594643
3.652823248400596
0.5808459939343047
-3.1371755192624162
1.4801127613734266
-2.225798979085428
0.253528932155759
5.695254581355256
1.3953267549941446
3.9159290493002668
5.341398566413648
6.856576286992558
-5.957115424351541
-0.1730138159767795
-3.7408049126197813
-1.4673257324918128
3.8276469344049917
-0.1480784752205004
2.412917204595447
-3.3474949140773016
-1.3145680871407326
-3.5380238122611987
5.259854430670885
4.628804667895364
3.0369546920226496
6.339524359811396
4.4723978827588615
2.219079900621257
1.67631608412694
2.3163006915335322
2.553710648272555
4.1059558605687725
-0.7874549116766983
-5.881212100782444
6.907651551198008
3.057896135616434
5.84538161273491
-6.713345821889328
-2.456914900228388
3.257540113466865
0.41244821714431296
-1.1541689891728386
-5.423488611723151
3.808872698406439
-1.097160768432648
-2.0685897435819687
-6.234535126565358
1.6578103323786806
-3.9674253551396603
0.13318181018456254
-5.927699597134778
5.8098814538683605
-3.2003054274698823
-6.641932176369976
1.6157981236179193
6.731452425875766
-0.0875757094602978
-5.12161037228033
5.5204818442868095
2.790580234915346
-4.349036059481238
-3.09224231106113
4.658426532555788
-6.279072655946673
3.9020174645438015
-0.42878549454706416
4.003727363137088
3.1523434280869296
-3.85747056973257
1.1637897995111786
-0.1064083270211933
4.873386673497816
-4.627973794842897
1.6382487248326232
-2.9980893724680424
-4.23712258697009
0.8367681832571385
0.3495306941513059
-5.718187127510689
-0.5191554568240768
-4.798982939423706
-0.10209283925862511
-1.7476019975601647
5.140288328365157
1.310750564073004
3.827556588335467
1.0900002106586673
-0.4265680049799432
-4.308767577471064
-2.78603209981194
6.215886077749215
-1.9932690172562488
4.797226133891977
-4.4370193584122
-0.3922109213626922
-4.40386222406081
-1.9971259924891172
0.9507602009953311
1.724655996016994
7.230753489664223
2.8531575810796506
-4.517505875173806
4.433027019343817
2.50571106404769
0.9712433885087028
-0.8299687130908372
6.410880420990945
1.8308855384975797
-6.314782339569956
-0.0725673980692347
-2.252209581789682
-2.8976630868573197
2.1076927200183033
-4.832800258914245
-1.856762446813794
1.9211617274287507
-1.2990734306728322
-1.4350813850546584
6.616753960203783
-0.09717186870277954
-4.426910471675363
-6.778895977353794
-2.5752190266137003
2.472269836048906
3.862544594842932
-6.312433458119571
-4.52678226421839
-1.1417381888440923
-3.1250929831121494
-2.1101221683445193
3.9116358114960494
5.873909680858409
-5.06043028880665
-1.4568946851452091
-5.630615794187246
-6.617583719301561
-3.6059783600705204
-2.0696921321159465
-6.177726486956747
5.591326027235221
-0.7712727745182404
-4.637769960444866
-6.391298955761452
3.204133832350328
5.530365422311
1.1293133014119743
-5.492601071069504
6.131899584631146
-1.5241119873894933
-6.357469159072776
1.9392440223249796
1.5032096273845958
-2.479513489447994
-0.9313016190565833
0.20569178842960323
0.38518091312721925
-6.9287452069280535
-1.1050840977957526
2.2755625888596835
4.9738229911160925
0.6021671492747682
-1.8182287326767765
0.33244591611948326
4.160366996711032
1.188331865924889
-5.159486886532012
-4.281653870079417
3.251247880135507
1.2613003193143033
4.190069661285829
5.96872747083256
-0.13928232329213852
-4.112813660949081
3.7491923253217188
4.336562959859458
-7.008241073477931
3.572101498421887
2.131804149823985
-4.120216057737599
1.0623175978889918
6.75616126280417
4.119250789380503
-2.7676641667749857
-1.126306647320047
-5.639273283661179
-5.192603076152442
6.115037650450619
-2.1076033222305863
-2.104592079255344
5.849910311102372
3.7266727414598613
-5.410331096373978
5.493401693108007
0.8597096140482385
-5.668729531148691
-2.1111319575648615
5.492245813587255
2.0009641041409605
-4.5353514624657025
-6.565146037161623
0.8546917911235914
-0.7707178573982638
-2.5517358278490816
-4.147663084889238
-1.1405891585406813
-2.792488382993917
2.605258020213478
2.856181369472429
6.5020337301951745
-0.7940360887867747
4.655797418036088
-2.132392883886855
2.7618300309607937
-5.2457412709414895
1.353308908610444
4.049961741680093
-1.5608238059339663
3.2340248981992357
1.0156905329823622
1.4349419552107074
-7.007863806967417
1.1338720494851404
5.842692035977198
-8.118172907218701
-1.8994425737573388
-5.21870198998329
0.5697834249179199
-3.2234479264543077
-4.18859107303173
3.9331754136718344
0.04600676777394051
-1.0965757042936333
7.059995542759592
-7.461440498669428
-6.433159226384812
-1.1253123422073015
3.069978590400352
4.906565506968518
2.8823434176246576
-7.147221814333995
5.924500928061899
-4.266906239913373
3.107306732409263
-3.068224943630182
3.0963309670674297
0.3703280672999022
2.3967966332383335
-3.9400237238098232
3.7160285666307735
3.1252197790399303
5.9228294212258135
-5.445643942202685
-2.4946738255874967
0.7201613318770415
-0.5721541958679416
4.718640643355706
0.7894742716112683
0.41296835350354155
-5.311996878305149
2.874090106362383
-6.910786623436011
1.8675124526128348
-6.322565583491241
1.822624627948939
5.727006217005305
-1.0822273576214758
-2.918201760984472
1.1509348795699046
-4.955946325322387
2.9658618643800634
-0.17089852096173969
-1.3390660998288102
5.375692350683998
-4.025713321788048
-3.42377126202766
-1.0906964277678641
-7.77330475247113
-6.215158954639059
-6.787861018935589
2.729277701359565
-0.21518156247555106
-1.5287238535744232
-3.0906715533179163
-6.327139833087231
4.538714461592513
-0.545264517171588
-6.207785168490785
-0.04036816812508481
-2.7854947455665635
-3.607105871903315
4.780031127437203
5.19929402066767
0.39899063983343824
2.1763718545931234
-5.40375393992597
5.295643979747928
1.2306115882210822
2.4660181344895955
3.8606128902036176
3.734770489856686
2.3698890157185937
3.3950759924851655
1.035405563209392
-3.9876174622308875
-3.2609512357362362
-0.22718343711062083
2.6664856406283177
0.2926514733172073
5.20807552357496
2.41866233727221
-0.46788169079707137
1.0265551481633417
-0.21168798112111628
-1.5875797040094206
-2.6836608440009733
-4.901852392210503
-1.2634644575197644
3.89971410958836
-1.1131934763473905
2.868221426378239
3.28382740962392
3.824080935211223
-1.30262807416659
4.778733624331408
4.694798513009878
-3.543542288831887
4.3975618450266944
-0.4461461319923309
4.6660292192770685
2.293206366621856
0.9616942796814916
-6.455864305257639
-1.610355490119649
-7.9554843276678975
3.3243495826677507
-1.451940407630662
2.4567071678871892
-3.2256981826569833
-3.874601779566828
-0.7245826701576827
-4.5962893442650845
-3.9289197609722892
1.9239293207724437
-2.9579455825232674
6.729398826400908
-6.949649245427072
-5.290406817934301
0.14391065373084605
-4.8960187518767535
-1.2563710229616891
-6.472741533961634
3.9880019126396355
-4.775704939886831
1.7813463070105633
0.6221433260018693
4.021091173250384
-0.3016512159043613
-0.2835964580458048
-0.08419453934790912
3.668870318451645
-3.138006118544581
-2.7332528787284462
3.444956843103859
-1.2283243769081356
-5.781535288781292
2.0841605110443706
4.317409788259538
1.1035681810625773
-5.187584789974485
3.9717231240269304
-3.1332252639957585
-3.52743186925783
-3.781641993502996
3.397946389891228
4.458211716944336
4.73971249719285
3.686365217313463
-7.909703681489668
1.509976775318556
2.4112804583059786
1.2442124110655768
1.3553354959402968
0.3772220240433003
1.4044710645052945
-3.33472080606047
6.22893996448591
-2.0159109972512512
1.0531791684200194
2.7978511650474682
4.479547479253282
-3.6724134609500676
-2.8091173903148126
-2.5662585712112
1.2821539114560458
1.0932655320805422
2.4123977635363167
-3.823923714756339
-6.3726984088724965
-4.022045787826699
4.970115592341588
-2.219191805848921
3.0994351528157167
6.365201249192303
-5.537164611181095
-1.3580208676112566
-0.6889497671883945
5.970223708425741
-2.3747504946501476
3.5670266966256725
-3.3191338015842984
-2.6411747009365802
3.751816078377461
-4.854298722196368
1.4343811130486572
-5.986647648278148
-0.8735365409022359
1.9082849448365324
2.620129064588742
-5.541276564589255
-6.690618775760242
3.1865215984360566
2.2579571958317532
-6.182346232846887
-4.908720105816553
0.41741186675939695
3.9063991292067564
-1.4570269159128
-2.7067344910312507
-4.080445669129797
-5.630774995289991
-4.075353034715991
-5.547456315069572
5.878723503519658
2.4679890652771155
1.877019205310839
2.006654286028462
4.73135800715115
0.6768455949007903
2.5099005164219896
6.175053879352377
-0.5079233273627437
3.2320844929634
3.1967187247859057
0.16536216728562678
-3.3236427284641605
-6.437071311841521
1.7204120875724243
-6.298266311456731
-6.395579404388608
1.4298639171305259
3.8422359015768945
-1.083724452105444
0.4246793538488518
1.9157462146351407
1.377223955933879
-5.252236639393722
-2.881443557700653
5.372982818145096
3.3030684682817175
2.7536799939288934
0.32568451419372313
2.6808638941324636
-0.6902124864976246
-2.735735570167848
5.797424787612988
-1.9080256177222596
-0.08228557929470175
-3.689384427759599
0.9093282783207263
-0.731862314383393
1.9363267026412312
0.5451448697874688
4.560722675603504
2.3525534926798892
-2.3349755596897057
-2.273807142849921
-0.46967955028130903
-4.311146329269729
4.911170245752727
4.37074509615001
-4.953779674431393
-3.8769013599333997
2.756119869723115
4.460036101272239
-1.5438871289802134
2.242028114029886
4.711327861074364
3.1667721711623136
3.7515236329037163
-0.2866350612559281
-5.063819843868523
-5.190934303881112
1.0949471278602736
0.3453303898900531
3.54541839339553
-5.519381526514023
0.9255111621945883
-2.9450228618117764
1.9559294544573878
5.128732768599664
-4.709602958700875
-5.370719014517086
-5.753472168339102
-5.237133044185009
-2.7443664381496036
4.067360505074419
4.701030002010057
-3.712970121466961
-7.041671306167903
-5.9162541421316215
-6.615175839994476
-1.9561675980666382
6.012233979047212
-4.363067657859578
1.499217020558988
-6.490098599962568
-6.428025290915657
3.6178041350592607
-2.752749850229961
4.724579732237256
-5.9658843266643595
-1.8744908486505751
-1.0025590805967555
-0.3647746987162866
-3.5074122051403305
-5.624596230981845
0.011695871027649057
-1.6996616163255363
-3.4373945159972736
4.352596962193991
3.01041488308606
4.855176612074298
5.5144990213192235
-3.059317286614911
4.846995372379293
5.963554235481799
-2.8409854318908976
1.6815010591783381
2.1367080810255774
-1.3920385875536465
-2.048796067702989
-5.837547975509387
-5.452685422008422
-1.618359050417461
-2.9778558847473175
-4.820538426432302
2.2874559091221953
3.2642862225305187
1.4635632446199063
5.660932047088407
-4.814306865752567
5.7958609009665185
-0.3962991174847531
5.00492074430876
0.4772175857435619
6.2302608053106034
4.159964119506259
-5.231812130404826
-3.408767221183433
4.388253508987415
-4.51760497199415
-3.0644656854224834
-2.70645297454834
-0.614211239571355
3.225223711389458
2.397762774486566
-6.63959269341284
0.14509992107406564
6.111066879095077
0.4520237848449345
3.748773353036912
-4.534852605866227
-4.150756002618963
2.3139717337655203
-6.236647559050833
-6.39757991199858
-1.3733407388196106
-3.753941922955599
-3.9846798556356546
-3.341178562404628
5.355090995196434
-5.770602882117041
-3.7728847673366848
-5.703092927006967
3.9095529084982092
3.4663385287463613
1.9890066269543911
3.881815789454054
4.511079223005373
-6.792544047321585
2.085212401416995
-3.7279163754773252
-4.5025233665867255
-2.251313274159341
5.471350003909882
-4.005757827297333
-4.45457089703521
-2.9190119648211446
-2.79541436620154
-4.677046996844657
-2.775403228840564
-2.468102800728996
-0.8917934102925921
-4.152828694727642
2.147951727145254
-2.3292305809095692
-1.4397720407045325
-1.742543467537914
-5.936758821643845
2.682170591421548
-4.3834985290848865
5.284216923263168
3.0810695167876467
-3.176709812476396
-2.632710425634341
-6.3043510336672774
-4.779417628709117
0.3977413334560529
-5.220650003960023
-2.9410052796909625
3.4514689915414594
3.4824229943184104
-0.6142003447399139
-4.1658620006242355
4.594960658309838
-1.7861916439743388
1.5150337508037008
-5.248342094699469
0.37267408144022723
5.296467289276867
-1.2303045057827762
-0.7467820215046221
-5.695755751357267
1.3701941679789813
-3.850815063151176
2.4817128584770294
4.302482516150249
4.130300143711446
-0.8799782781705925
-0.98534179555569
-2.654381556054719
0.15739753854145838
-3.6850320783584882
0.8817804299867839
-4.1263707087754256
3.6039496170104224
-1.3875722752073778
0.2924990276714234
-7.002509326939596
-5.034533337373475
-6.553431836859721
2.111259760829861
-6.20546801487374
-0.6931574077173757
-2.0645048470086214
-0.143470759619631
1.7382402341219525
1.8523510819647435
-0.8940213046842082
0.2920710200535816
4.35672880080953
-1.0488327192497375
0.9633576041483723
0.1829919170198909
2.78683785256573
3.1860139770469393
0.42579269227450756
5.022445302785744
6.327954521551911
-6.470841642227401
-4.565423745066325
2.1304155526083304
3.3470537823098123
2.8504450092099067
-6.066856471335311
-6.98234022450368
2.6232350086787535
-2.236803687794558
-3.168918247680182
1.0331391688795932
3.285049120502898
-5.925507651100534
-1.8789595178460246
4.063762840666515
-1.2441003098385641
-3.752493826938735
-0.7785582281118906
0.07979149548044001
-0.1621463370423397
-7.377030037318878
-1.3759837337611573
-6.32085274376175
-5.257597018912691
-5.67265973254738
3.9701372507599535
3.008494945716249
-4.574967480823175
-3.5676137167242787
-6.52800683316815
-5.889455775807388
5.102658929783179
-2.980289219731981
-4.841848473524984
5.989945861397851
-5.657874187542568
-1.9150055866979254
-5.273079979704496
-4.268595080990367
-4.981726858687577
-0.6953875880151338
4.438005519616871
-1.5595112144481253
-5.912354396264548
-5.824914163196597
-2.3501984251690686
1.55039768668057
-3.476379457083749
-0.3496115096153527
-5.164339765300982
-5.288062022196554
-5.150161607562859
6.43661080410024
-0.032756229636553516
-0.07680644344818806
1.252830662634512
-6.103667233127712
-2.2286893858382837
-2.901403011087857
3.4230642914281937
-1.0420869384598592
-5.172884939247189
0.7052014002925578
-2.653124324047744
3.307511172112133
2.768297636526732
-5.743286832242729
-7.6736195589840035
4.092344836953521
-3.719540192412991
-5.9308074359019685
