-0.5155701654925138
-5.913220240341969
-7.823398949231317
-8.624838523001367
-4.303136848549814
-6.5248953577128095
6.631052909149593
-5.1497078132095115
-3.1134128616528183
3.855752175556071
-2.691296782285881
-10.557699604795461
-8.217430051039207
9.806059325038545
-3.8691298587332965
-2.528198256525306
14.73442012171843
-7.827132114959937
0.38564388395428895
-7.839283619549169
-8.595668948213769
-7.400070426679988
-1.4504804585645392
-4.13209466134379
-6.71907522709026
10.508600259413823
11.156298947135634
3.237924506965455
-7.272657540464547
-4.710833422485063
-5.564152475172339
9.931758701122124
9.890278087885507
-2.516682498677441
3.470419931632604
5.330961020761782
-6.661312044059762
13.777035531579292
7.250496614609332
0.38477905467837814
-1.0085379628288191
0.012217291503353548
-0.006191597555512516
0.004505104472051595
-0.01901178276356225
-0.005204041175020326
-2.5718467985401047E-4
0.0023805231909092527
-0.01126491389061162
-0.005633974045248626
-0.005117319737111768
-0.016232905696440016
0.0019013773168536328
0.007561659542551849
-0.0025496405257491167
-0.0076618895037517416
-0.005142243224318973
0.013817521552191011
0.004450898261843538
-0.010257792661119062
-0.014196515268235222
0.009153431539544933
0.009941407622374498
-0.007571842350326027
-0.010492768225974083
0.0087438233467068
0.01678634224402283
-0.0067751646789513936
0.016873256152718858
0.009134880264266863
-0.009867121719886835
-0.009276320197453534
-0.00730630270387604
0.012710454574921124
0.011378079049505437
-0.015491603541138179
0.011526882652140736
-0.0048512676632824995
0.012723201699866769
0.009444159484970783
-0.0031584668779331797
-0.002640605955266672
-0.14127105296205938
-12.157052450448317
5.094541293867301
10.92209271781664
-2.2249510226870313
8.050364664681904
-6.300141710483551
-3.2876517190400887
-6.573890230542723
-0.5434396592347419
-1.4161467798152731
20.087927714985174
11.26693231840357
1.7393224994067875
-9.660094430572046
-2.445213121389
-2.702465681564285
5.387040627550453
-3.258935375588086
5.434546640224488
6.659140719298457
9.709422147940518
7.808678540289885
-6.643335483026091
4.665162425324026
-1.7141768078459496
3.284326296960093
-2.123623627415881
23.358550294138766
-3.221189595968755
-3.639273338236253
6.6685332111379045
-2.6666836472237687
-5.990844355121519
-1.7237832978075487
-6.00337633273607
6.622127613318874
2.523692127002859
9.647981695062562
4.433383212161408
-6.487788536297707
-0.010786233740592257
-0.005360023085591151
0.01643316977815974
-0.0026105609204791734
-9.328328251752421E-4
0.01220618981173201
0.017573165979437044
0.0017170404785328795
0.013192529630157424
2.9993046857879416E-4
0.00376320697972617
-0.01933802371860868
-9.505689448533992E-4
-0.004206901789779539
0.0047820741338450365
-0.01495904728782485
-0.013849608948099772
-0.003499549760649364
0.01389602673482673
-0.017770594614505072
-0.003410954071804969
-0.019646016204040082
0.013816832478632832
0.0012467770864190986
-0.018127021117871227
-0.0050085242835335685
0.0014798539644582942
-0.01823121975847719
-0.009685908942436532
-0.010322675572484372
0.01193730557897504
5.69593693745523E-4
-0.017758419034026526
0.01422054947482074
0.014706714796394588
-0.007480102684366835
0.008746013050820983
0.0017205345183220443
0.01382306386751957
0.013969902174411446
3.396096288537098E-4
5.9602240309451835
13.100662941784257
-2.233046734442166
-6.053315096542542
-1.916793825395257
-4.335842778276135
10.784554495564684
0.9118973390052367
-5.092392090036785
-3.7316551129796327
-1.8113093481339178
-7.098077961776948
-4.116402907006957
-4.665437352273952
12.864839918485416
-2.124562596842335
1.7393067757255374
-2.113950220199838
4.268371119106021
-2.1406087197135224
-4.2626466021174565
-3.6206278013699174
-3.344529624540943
-7.504696884378006
-3.538916266344803
5.8953794921878035
-8.36936833463973
-1.7795541993885544
-0.9973270692228587
0.830906859609575
-4.177622372443533
-0.404809506870803
6.557269466358325
-4.722742884424047
-2.560305305809051
-5.125370115235234
4.619174108211547
3.9101151419514264
-6.140094455285427
24.000344230747558
-3.059179459810494
0.9117051248456514
-1.7948802092943716
-4.857806278532341
-7.710581183266835
-1.8996452074376082
-3.6717385135623446
-2.5654712530867223
-1.0364252257617266
8.918234152888262
8.902121382636741
9.09636718025227
-8.166763451947373
-4.13277130797825
-17.10068713610768
-1.271560378490629
-0.35315221989561946
-8.60849915417024
-5.204203941291287
8.276223423551492
-5.224879076270642
-6.553812652301213
-3.1880142845178123
-2.785914419452992
7.402109405127877
-7.061298623878823
11.437422963572171
27.65143928972927
-0.8846313610623194
-2.590178416909747
-0.7710652516660398
4.634401637438826
-9.941704595349636
4.649512362778153
9.842131900102517
2.480967548494115
-6.197229666219531
6.7529113037373225
-4.734797461413067
9.186668212982537
-0.04396424240594257
-7.056435630259153
-0.005546236774692135
0.015273774577637522
0.019040812989343976
0.01625184159232199
-0.00848612600152039
0.01786059303735898
-6.453776114763825E-4
0.017394168960891705
-0.0011603946739488537
0.013658486760680672
0.019004393501992668
-0.011439253102216424
0.01094852609799326
0.004462780467266895
0.004929181328411199
0.004417240892603858
0.01842970050940351
0.004362600437870318
-0.003720634385183986
-0.0037476845741564666
0.008608098156830116
0.017664087749459403
0.013068122570414915
-0.01758120522833579
-0.014419949044713033
0.011720432216639844
-0.019090045407693518
0.0023034472871360373
-0.016251356336803368
-0.018802865071948588
-0.019853304073631207
0.014735428330287823
-0.015628633568940304
0.005824468835481492
-0.01933809202469467
-0.014352726500771289
0.012837280782040172
-0.0021252480023492386
-0.013551011886145044
0.01491289133745476
0.015470431616617441
-5.050132709489857
-3.409620829837839
-3.265313725009055
-3.204891642776681
-4.863469401645165
-2.1149601084189107
17.782457994830217
3.890463739590977
4.715210755096761
0.8133356248929745
-2.9958095187458817
-15.044615302632652
-5.112821946482601
-5.048541858479962
13.245842433807564
0.17575490668287935
1.6100910316531365
-2.848016667863003
-5.417027455824894
-2.7255776929900866
-2.3111377004126084
-2.874352392576519
-2.6707563405630808
-0.2148454724512538
-1.192060410238682
-4.279417211668994
-1.8875290224266112
0.6608808187158894
-10.679047313272202
3.2797755889108684
-0.27437430651996303
-3.615294283264708
0.13633455026341126
5.123685456354301
-0.3606608672876662
-8.39834839668553
-5.451396156880768
9.584313703020586
10.70391470204944
8.155906652988103
21.562996579394788
0.01915802623326873
-0.012364672078696692
-0.008451820617969737
0.01926400794255929
0.014640582363997848
-0.004172167652921357
0.006571396872308871
0.019252778693349137
0.017570340401052622
-0.006851115367040465
-0.00183455660979117
0.005204782140495582
-0.009617297607369327
0.0017564302738400407
0.016669305123218185
-0.016701810263805305
-0.0063504382517973
0.008384210848269222
2.4581654977659517E-4
0.010125264741368354
-0.014815400116981191
-0.01685066632625104
-0.004360877272641103
0.019052233805315264
-0.018257845965482987
-6.123645124906617E-4
-0.014951313453609005
0.002645617383647377
-0.007424024193004471
-2.4743144493950125E-4
0.006955759753958152
-0.012376095686942166
-0.011678049292543574
-0.008390685444654116
0.006694282221323133
-0.015168770719227944
-0.002068622018189973
-0.017822301358422683
0.0015010941215741896
0.019654143848209456
0.014273514257145233
-11.23040863207991
-4.947982428390158
0.21978826536211057
-6.978389323972243
-4.857650221142596
-3.6926880277374585
-11.085840628692143
-6.927240240026239
-0.09903218883088033
1.5807543656394416
5.423643284303851
-2.710899768079583
-2.8289586204239856
27.342396857525266
-10.985973746665668
1.2130334920625507
-1.9198269579210347
-0.09466008064777008
-3.2034572631724854
0.03407956028220686
-3.2483569469638143
-3.53549310811096
-8.516552048010404
-3.1971569463858867
-2.43444885587231
-0.6109118965708858
1.8991884893623485
-1.9010831111135693
-2.9447091286358202
-5.972385566202212
-5.382606607726096
-6.951093464637917
21.234662901298517
0.772196024335789
2.083328919413603
8.758418376423254
-4.836528956619518
4.393508681376597
6.770265032154713
7.456739596459871
-3.6092650529488677
-0.012275386981058362
0.019148077677175118
0.0046769837167956185
-0.01993022763637258
0.007224099819266
0.016942900100276128
-0.0037285710702992976
0.00434781545131073
0.018350627635826854
-0.006810999101969225
0.011082226619179129
-0.019992983202911162
0.015288457293508011
-0.0019352929831384022
0.004009093779429276
0.014407406048769781
-0.004444111337319194
0.002484866644688735
0.007817293565023635
-0.018575737693208482
0.0032577239342254302
-0.01435838592288144
0.004826168184299168
-0.011927339425858025
-0.016239864238301878
0.015728604477037136
0.004301323212879092
-0.017297581890365347
-0.00891522172709343
-0.00720188840682876
0.011321768503564218
-0.0036520356041929193
0.014648772055307426
-0.010963373094447757
-0.007545772037623419
0.003416624273989092
-0.012315913286657744
-0.016058565613715478
-0.014984893747872121
-0.019104752741861117
-0.005996577793568049
17.729917478569238
-2.9265398582435416
0.7049808049750363
-0.4390090662050503
-4.7901232257583475
-2.177215645905224
-4.747690453452455
-2.3518341584648814
-2.1768792402076915
-2.8335739325356726
-5.230427093615006
-2.0967788659952107
-2.3949444930446835
-12.30177465856782
-1.8550593654103569
-5.0701909613122655
-5.676805314767583
0.05144565916805797
1.6786529378417945
0.4108620370544427
-5.330395165057282
-2.4992420732932294
-2.6228466976570117
-3.9674130605572375
-5.512159067957383
-2.5888101110425277
12.499114855028134
-5.729327623595151
-0.2754370358098333
-3.347495319740609
-3.1148219354204287
-6.041407567303962
5.063242527187931
-1.9480472677567784
-5.453802039125737
-8.88386454803192
-0.12316869302991512
-9.342958437387413
-0.6598967258217179
4.959830773015974
-0.535646100444094
9.741014730992841
-3.6440926808542327
-4.240895078918821
-4.352081061088925
-4.149793420466041
-3.367756880836719
41.07169162330909
-2.9825141014412444
-1.926212175134564
-2.9757665388051877
-2.3700288528759454
-5.645178489420781
-4.447860172509295
-7.485062909601442
-2.568471948517127
-1.9184619700667482
-11.537856432451493
-4.493678493679461
-3.131632846615547
-4.331705500155586
-5.119956405298458
-3.9348005350894724
-21.250803293443255
-2.7189321229208363
-4.29188639789582
-5.772236911490392
-7.718306761633776
-6.762445136186225
-5.532839375980037
-3.440469200687719
-3.2881616072645063
-15.096133962290082
-5.091528615045689
-1.4949211040080677
-6.139229903066745
1.609734331842781
-2.601009546142511
22.448633178844908
5.231551500444603
-13.570526346202179
-0.3823532661053174
-0.003207267571970561
-0.0060633290347114725
0.0027901675031376805
0.011981034755747317
-0.0066897325838651284
0.004734432598151459
-0.01846899515237028
0.005482563063603681
0.005893908666508373
0.00856441232702617
0.006346552275960562
0.013495004419592383
0.017567939585907858
-0.014316988033432483
-0.006636195738610859
0.005926177659908306
-0.01690285961066939
-0.00728367429049288
0.012622464060933803
0.017311517693252943
0.004296079788281927
-7.311077675047073E-5
-0.001759138748617762
-0.009988507791666029
-0.0059998925011076586
0.015440038468992962
0.005245052571264116
-0.0035181558898756647
-0.0016853210747721815
0.006885338447725209
0.005335199067698384
-0.014130503153441897
0.0021606990138139104
-0.01096204335604269
0.009909222615176797
-0.01611218972181754
0.005508733104874163
-0.017160588835756625
-0.01307570391441781
-0.01571123028189677
-0.0022390171802292164
-5.004651127336645
13.57895550288317
-6.918789986043572
-12.542927832557881
-1.7896889493040606
-5.584202568777083
-21.127821699105937
2.7849371012314905
-0.14950526943868372
8.722180612508515
2.328987049091089
-16.17602314011504
-7.748440458001563
3.8946433515131584
15.934275226156297
2.0079757551491833
-25.061346302716093
-7.2195780578848625
-2.8385205085007312
-6.901656124164104
-11.070085602052018
-7.014687489382795
-6.330951152582454
5.9649258941630245
-6.376933011481144
-2.290376998786292
14.020813273095722
3.247895010110507
-23.444910813761698
3.146429921519873
1.9407723142649551
-5.227591444697174
-3.584809799167347
-1.6961459404133956
4.639838657092486
-0.6914153486964505
5.845128250469924
-34.206417300372216
-9.469808839000859
14.233506253903418
-2.288457318608458
0.004556149950200136
0.0084731804239092
-0.002725205292283591
-0.007607347821363941
0.012650069674728062
0.00831632701182394
-0.003097350874483887
-0.017611702358081228
0.01746788163582311
0.016187107494780213
-0.01716881477875968
0.0014187563381295003
0.018631178405134566
-0.0021718452932103054
-0.003428139260409021
0.00513245403834094
0.005293315225065393
0.018655808420463788
-0.014513097991984095
-0.015043279616340355
-0.01606077000855665
0.019678951146018874
-0.013050316474102725
-0.00138422194724944
0.014331334402812031
0.006697400933289344
-0.019680512478850633
0.012636033552087252
0.0015120508505487434
-0.01599083958340066
0.009085257499089252
0.0044512227816366
0.010199902184040707
-0.0061676914577262175
-0.003566953054875671
-0.011338349636628435
-0.018915372477857934
0.00813186255424993
-0.007741641329994687
0.008384642786768304
0.01863895082656881
-5.099937326400887
-15.520815055292271
-3.1103132315718938
-1.1559326715474956
-2.161735812682066
1.9473837080060044
1.06280552471714
-0.7971030858478131
-3.0368456896175884
-4.4665017504879705
-0.48676099842579595
-3.2283773040710364
0.0927765675726703
-4.2669814978973735
-11.783416275181127
0.46605431000156533
29.129864231111483
-3.3168751603294564
1.5818448004827983
-3.001739691939631
-3.085446258992757
-0.029867360225028807
-1.4780650335582428
-4.51455265692129
-1.2237983307245321
-0.667141663882481
-4.520734833492988
0.12847626231690634
-2.035699595523491
-0.20075819688207386
3.474877404126951
3.533629850868509
33.01684862492958
-2.652693864852925
1.3734123073376774
-0.7724172324423663
-3.083478353457015
6.9789522243719055
-0.2704546412028804
-34.15054293577281
-1.436909006750574
11.47339489554515
-5.204589427437899
2.2601681854670588
3.1177133108087998
-1.0805599450909822
-0.15604275114279842
-6.041054548468552
-4.918623440177414
-5.5631474646087415
-8.388692521473567
-1.8500138100728463
-0.6036350774519189
0.4721676261870001
25.759293687111995
-1.678571369575693
1.1983983254944752
-3.495306239770261
2.6017279517980905
-4.823991273513803
2.9876310912235566
1.45974426723583
-0.159393270175325
-1.7384870165428497
-9.277469208668398
5.684477054861366
-3.40067452485825
-40.07768840636469
2.392532408890347
0.7017347312252386
-4.762011520982116
-10.575219815758079
-2.940769465387484
-25.18655707432815
-5.116393212794979
-1.1483417611388282
7.3122885994913425
-12.813668030165319
-13.437887696446914
-5.401885068968209
-7.493228656512633
15.954391895785554
0.010704613821875267
-0.017718306046561567
-0.019036025991535643
0.013865716366060602
-0.007679058838640293
-0.0017011673857790788
0.018776709184524527
0.004537666308569374
0.01698919311266885
-0.006077942189242593
0.012561520695120166
-0.01658348863913162
0.0015068342455491351
-6.679566717608665E-5
-0.01822381306406952
-0.010746855483901814
0.006698301825750014
0.017325952331287895
0.0035583229802772544
0.013451788330171601
-0.014613404397402406
0.008599402317258819
-0.017392206645067326
-0.01594892557211793
-0.004955184111058091
-0.01520497777376058
-0.0022265869866053174
0.018526293364576885
0.009440289719735873
-0.018216291477883916
-0.012589818453772956
-0.0014264093203841983
0.009631037784323039
-0.01892298463225585
-0.001810671909085966
0.00730427777265405
-0.002359738340590889
-0.008514217333227334
0.003889658187819372
6.760930004990132E-5
0.009766410954119377
-1.9101277077371743
-5.785719796434101
-3.1352689312765714
0.9419100034142852
-6.311123247300644
-1.3019874975466237
-6.238498664491047
-6.075540069478514
-4.7914119548257865
-2.608824010414943
2.175210561956524
14.095789606926646
2.729663569378359
7.10285987981155
-12.391211778887108
-6.182681481422593
1.7881839577674685
-3.2149117711368387
-1.9084634174823296
-3.089347979346796
-5.613116438976242
-1.6880422500795753
-2.807188194441203
-2.583326077497107
-5.122846438529193
-1.741393035290159
-0.9993877354483038
-6.005176615699356
15.711603932365716
-5.733567542040308
-6.276093031747163
9.957257469842052
-1.5288555542072422
-3.8745651821598526
-3.616245386903656
-2.856240117915477
-1.9032218143166713
11.939206660444045
-9.400145539587946
-3.182289082315675
-24.91856405666296
-0.00528357101500637
0.013463188712162257
0.007860929408459047
-5.591394093998579E-4
0.014149309098329493
-0.016870612435459318
-0.01297839957900001
-0.0011259718862706054
-0.014827882178109975
-0.015059878221480267
0.010511367135792097
0.008688943424347857
-0.006080437245702838
0.0069370496970286195
-0.003094581815095334
-0.009116861357306055
0.01937636535266853
0.005466944040987416
0.005254252313155662
0.010524608382384785
-0.018304422879359204
0.009642712642681392
0.0049970859216829505
0.009980264484983615
-0.010825039563098424
-0.01996704146183681
0.014957205845427386
-0.006933536718898124
0.014769729386589877
-0.012015700034991422
-0.0017419026392534662
0.006765801938604189
0.018130123355354456
-0.012658349300457217
-0.0022023860444549195
0.0067994191818676955
-0.017491183358605368
-0.0198252594608779
-0.014270569139296349
0.01140693254258603
-0.007827778638890136
-2.146427718898459
-3.887820499062753
-0.6041325888328909
-2.6543926034489362
-4.374472467391569
-2.1570901570344545
-5.3280362129463175
-4.420279906793654
1.3083210499466265
1.467833749706578
-7.054368954183399
-1.5839098174485797
-0.8317345142495526
-33.03681278883357
-3.4171753218264036
-2.5282792973110366
-0.4551857536722504
-0.3254286479614841
-0.786101165458884
-0.07976016324714251
-0.10961799955602324
-1.7715805696790952
-13.882757252738628
0.013199314316342772
-0.09538455769269238
-2.32227844828607
18.456847944272855
-1.8642669936831764
-1.3011134044736785
-4.7212332235874985
-4.076390067567343
-3.205543227117949
-22.947446217687688
1.3159510672987396
-1.4210277046171538
13.32180554648723
-1.1615920929482462
-17.446969279355198
2.3264538647776924
-12.691094563666278
-1.718203010648115
0.010514669767171983
-0.006796570668922381
0.0017152805961711953
-0.01092261882367131
-0.01808406969542045
-0.01120491436804616
0.012795163409185597
0.0017821875213873718
0.002345424464745345
0.014018981365252255
0.0011088409105250545
-0.005611365741493875
0.012389213688110228
-0.006185569273391126
0.007974466906158044
-0.009348380816932473
-0.019966020660130736
0.009661927081848001
-0.01693973422575031
0.010939418973175904
-0.0010953002282148329
-0.005117927983767898
-0.009348794635567561
0.006835483068580707
0.009428494068243521
-0.01430877989228788
-0.01235948419391546
-0.009447217413486282
0.007121681457548098
0.017752781321782183
-0.004618505428834024
-0.01835637462624777
0.005754183693944693
0.01836436785772692
-0.01523251239790219
-0.004006509804093127
-0.014143585750247895
0.007443474662050271
-0.015104476283701495
0.016663457098743204
-0.012089626967496821
-19.40431816192797
-0.36023682468800333
0.5369076732445127
-0.3474727586423858
1.5019215069680507
-1.2530665654870459
-20.432062520709042
-0.9363946342325101
-0.5648140937165625
-1.040693877679613
-3.3144695781285103
-0.02121046789203731
-0.5789268223373449
-5.8917495737070045
-1.1165489961849966
-1.1780220176141314
-3.0157773571767
1.1360000497055969
0.4566961965872809
0.8628620928395616
-0.7851294771583401
-0.9163544268899265
28.859260576945776
-0.917256069292064
-0.860040441992184
-1.752074031224259
-5.45127500143215
-0.9966374969942087
0.37286550266758994
1.0032445178638079
-0.8468164533020824
-0.9352774222282165
0.4811672651536209
-0.80797773909285
-2.224844960060171
-12.482592917306619
0.18186594825525843
2.1736199532243097
-2.306994487785708
31.05461932674054
-0.8005536423196429
0.006559650031515291
-0.018315595294454524
0.01536742224559091
-0.009245063367467554
0.004540366635945429
0.01766680181828328
-0.00942204851484539
-0.007069670352116702
-0.002764349878457247
-0.006090600431560676
0.014368258239697614
0.004684953995043834
0.018111806588287493
-0.015163501556513706
-0.0015185984422860024
-0.01342205630534708
0.004693023027493488
-0.008943647864166921
0.0057728986996736995
-0.018718751572270386
0.011617289009009286
-0.004476339257220281
-0.012929664743880225
0.005737264464558609
0.018767477644973277
0.01591735350363747
0.0013893764276349703
-0.01345116001333317
-0.01800919384834419
0.013239674101083624
0.019196612854084364
-0.006225448560818277
-0.018211195678561633
-0.018202997387961845
-0.007102295349116199
-0.0033716324868484464
0.008713333404861488
0.01563656685528481
-0.013054563079259479
0.002947998553303209
0.01821635064073419
0.01657819014521116
0.019399845767067835
-0.007204513475216685
-0.00753506200300544
0.011604707520902775
0.01739555093921139
-0.01257343672128364
-0.013551226168342242
0.0076412933716034845
-0.011881429824068595
0.014784764337866147
-0.016022287004954748
0.007925130481871191
-0.008106941982504421
-0.015916594033498578
-0.010048475087464674
-4.524223491974809E-4
0.009948393298923941
0.006041853849416107
0.00778054434340501
-0.01869936342209002
0.014518916786189672
0.0027831782036656164
0.017491350683167314
0.013260867547950483
0.0034743696932431865
0.005746325148925022
-0.0067911798793609535
-0.013239109694196203
0.0023453375812510953
0.008923487334848476
6.967784189038546E-4
-0.019092877702660806
0.01196165691181601
-0.009544851825588322
0.010002085417816952
0.015202065695432292
-0.008475410408856994
-0.016550805663672934
0.015471919601762713
0.007291375206626666
-0.012031341358843255
0.007615546932141112
-0.006097262794645442
0.016166693043086575
-0.018053662684062874
0.013038074478082296
0.01032318960158397
0.002096911579641505
-0.0030407009156867143
0.007779907152164426
-0.01901101123615735
0.009518966037930069
-0.009443623519232367
-9.162398563997247E-4
0.018002635378272475
0.01108691916374549
0.00872299602916296
0.00273592876518065
0.009562807687467433
-0.018209898621886246
-0.006873284156775093
0.007225018500952762
0.009317243726159528
0.01773149919629644
-0.011765694905205924
-0.01296901753973164
0.0089298638326014
-0.007314429647013716
-0.014142217223363951
0.0167483801893511
-0.013591477253185099
0.013421373758297033
0.011825503410008657
-0.015845918367027506
-0.009062991274164994
0.01957567688642176
0.01036533183219221
0.0059578226734638
0.007988350150925805
0.009396081905763999
0.005858471657030854
-0.01467375773846364
0.0129873287914152
-0.001039987360291282
0.013415547161401527
0.018623269467727018
0.014783544940863941
-0.017196043847018228
-0.0021797897097326387
-0.019721058628863624
0.014868111798071692
7.566283754992277E-4
0.01895129990813364
0.00304738640183852
0.017453722026312065
0.004321569999975988
0.006384057699922362
7.586795681619324E-4
-0.014437136767663885
-0.00914894299094076
-0.019954670117425827
0.010048244751692435
-0.007861133602961923
0.004650742642649114
0.010754796922717302
-0.014617969199464493
0.017848842381377353
-0.008705332625127583
0.018402795536080183
-0.002987697529009615
-0.01716444085827665
-0.006645361068558722
0.01300302600740227
-0.010392015152184682
-3.973394551891919E-4
-0.013484468436584258
0.0015118033645379197
-0.008343664051863584
-0.01715019307715704
-0.013309632554205182
0.01788281731670575
-0.0029266524403705543
-0.012024588174119746
0.014162995790367904
-0.009790020196820048
-0.00787945522460809
0.006910120850342805
-0.018258509327471636
-0.014285961860259721
-0.018700401881947104
-0.00211857143265496
0.015492282957211428
-0.001081273542844808
-0.007455246353778273
-0.0031347515224837384
-0.01987273394211825
0.014786114133837052
0.010183130405556146
0.014385930169247458
0.014216463113546334
0.006212951714598996
0.0026269843577299452
0.007977371712437013
-0.006636816775348704
-0.007229233517007811
-0.0150828538622169
-0.007559946388403783
-0.004665600880032534
-0.01551625150954433
0.01732488250455067
-0.010120054241952076
7.299523834909533E-4
-0.003166962098943925
0.01570252042935862
0.009514567581399774
-0.00395549575008353
0.009456041583366007
0.0135928686568732
0.009998956557213088
-0.017170305384127952
-0.01539998065763282
-0.0098211442860796
-6.281166197561784E-4
0.0108853071913384
-0.0037626768181172644
0.008020998367687007
-0.01956118380429912
0.005455454744833391
-0.014573985433034044
0.01632460641338612
0.010891621377798592
0.011785156489996198
0.002832026245771991
0.009225398031418915
0.008634094118464861
0.017299813222557334
0.002120386456357825
-0.018097547403483908
-0.008485597390316273
0.018695239890182746
0.017283624211775785
-0.009752897086293512
-0.00512283337626342
-0.014431312794175376
0.008545488361349714
0.016983931419585655
-0.003629029642338355
0.00730133654930901
-0.011577841633478605
-0.0030018087096181506
0.01181362509624145
0.017710131433560084
0.010365954307266945
0.013258170603607181
0.018912086889325507
0.011700355613946233
0.015039972734131279
-0.009681081753365427
-0.010789728301011632
0.004264365832621603
0.0061187449476528405
0.010618833823739859
-0.006182641140427658
0.019526092707972644
-0.018587444053932575
-0.01262879401957124
-0.011953668415467317
0.014858008365225706
0.01848104244509746
-0.008543459017013335
0.015627028349886506
-0.01642760024939297
0.014497906028609963
3.1259643031798096E-4
-0.011062671046398883
-0.013403459113376398
0.01124987376917811
-0.002585905575006705
0.007755194713844799
0.01652798733268236
-0.019936708910299514
-0.011664127277043405
-0.002891251296915597
-0.0024020656297554822
0.009887016687954012
0.007078474539773304
-0.019447670296311944
0.010293930517904205
-0.004110935238857718
0.019826481263292135
0.012880602567544804
-0.017433531531590767
-0.012701849927013549
0.013677558567120298
0.019643328513850315
0.01755556553241845
-0.011980505750763083
-0.0013676989123501092
-0.014547212378221718
0.018884846930790723
0.015302648632089685
0.00359196721853719
0.007819796976732418
-0.006631247168639888
-0.015395841780286674
0.004596997022469768
-0.007368506927365957
0.007411891932202912
0.005291159581396022
-0.007072816338084769
0.017567507057504612
-0.004929571473177262
-0.002152641409070434
-0.0039147155019357074
-0.019707509648148193
-0.004690794240654279
-0.0030946888981708623
0.004325842366118132
0.004076718592354259
0.014537584406323367
-0.01727698616390461
0.009749212879991503
-0.018127106932486422
0.010992665524368093
0.01372732859497863
-0.007022329323097468
-0.0028567442931532114
-0.0012165312000402204
-0.014225066375267544
0.017561617046651958
-0.004915369683554332
0.01850106491903093
-0.006136658123436467
0.0018345515368475632
-0.010457557250549736
-0.009453686635300747
0.0033443816975659776
-0.002829940147900653
0.004945388333158857
0.0089944345873278
0.015371581690243556
-0.019323584381925992
0.011213392167371536
0.01695385387689664
0.0035421367368141006
0.005459150421764248
-0.01611201671797458
8.364548617572493E-4
0.013547039751259492
-0.008590488664079196
-0.008369135748650428
0.015231198119618112
-0.004949414426696212
-0.010880120631946264
0.014825749903824622
-0.01136231188730728
0.004888336437556734
0.007510049097224931
-0.00913295864369053
-0.006046696918970133
-0.0029649769894320964
0.017336639632913837
-9.319742143820663E-4
0.0068444844668512465
-0.013610029651008153
-0.011196500946171613
-0.004227370599103154
-0.014942464932764694
0.00606485458364411
-0.010272335616083596
-0.01774971755298984
-0.00889126418840922
0.008486874432186275
-0.00569831306123517
0.010206618811578916
-0.01861812336500885
0.004267379197461382
0.01619945197484454
-0.012771981705382643
0.01988636429462343
0.014562332953862483
0.006992280082666075
0.007520677892714066
-0.009003592849506248
-0.014703073051822505
-0.016112548254916006
0.006637309249580347
0.018164426780334402
0.004871190669500258
-0.014539771251569395
-0.009051617802431187
0.011206939369328893
6.949666165976878E-4
-0.01805948634001242
-0.015710856835055353
-1.9647178025456596E-4
0.006517295338825373
0.011277776108540919
-0.008256868519760032
-0.015960660886245405
-0.015986267002852595
-0.0032557395624457815
-0.010583537579772125
-0.0037762479840108727
-0.007010577338101847
0.008031047952288616
-0.0020255992225117793
0.006210765645602669
-0.01592599135385451
-0.014766226614099952
-0.0078250163142646
-0.016999672462036833
-0.01989900877513955
0.017609142029772925
0.0036411132572410562
-0.01912950197501228
0.01100874090844239
0.004586437176925501
0.013533269078260027
-0.006502910430496712
0.008240013054177753
-0.006269567311123105
0.010543399177104989
-0.007749804516152441
-0.003070742931088645
-1.6507424722300712E-4
0.0010700481991586797
0.009275457740476077
-0.001838416533872865
0.006308674477908838
0.00386168683032476
-0.010064854340196945
0.0016240193893205107
-0.019573646535000707
0.006539455781802657
-5.472569746303585E-4
0.019419968531477715
-0.003291009437387627
0.012797461168031082
-0.004923065723381631
-0.01403425136952976
0.014797534083414356
0.003413794423321622
-0.0029660957792490943
-0.0184551840286168
0.013592516178071102
0.006412230575115103
-0.01997381730702095
-0.006402150887724632
0.012948308097059286
-0.01583890029252273
-0.0030853018429113886
-0.01120371205720768
-0.005741981108407216
-2.2491815626932143E-4
0.0013339501147635428
-0.012309855640730243
-0.013402663180417683
0.0035707928657922224
-0.014113772626413366
-0.018769204349059782
0.016338253311936776
-0.015415356673834982
0.013824547927128315
-0.006036021355364336
1.927397882755498E-4
-0.013559063374509904
-0.003549049713144986
-6.458069202856E-4
-0.013799581695293727
-4.97920420414532E-4
0.016137762347432274
0.0105161463996787
0.007006869085162643
-0.0051673526699242515
-0.014458499699931026
-7.451384209311573E-4
0.01711961988193501
-2.8876181115737587E-4
0.014346213867223522
-0.008474203549668342
0.01968557285265214
0.015573516047495555
-0.012978508804186327
0.010158152939748814
0.01609484707010998
0.008559476204601128
0.01577269116659844
0.00807431214466325
-0.019179779347846412
-0.016342198089490723
0.013200093353875304
-0.00908306378240901
0.012466445998061907
-0.003790575497129186
0.0010761176469008503
-0.019924911246856167
0.00756585738069044
-9.120325123281106E-4
-0.002564766455600026
0.01961117265273492
-0.011213215606576826
-0.004272748591348123
-0.013730300309593161
-0.019343338469380123
-0.0014376351645814765
0.01871158057143985
0.01255940286488862
0.0036051874757531306
-0.014772420025954079
-0.43906175239384226
0.34762092705448355
-1.5495609796797898
3.6761917713451897
-3.3505341541489853
3.974664145037187
2.221331493798764
2.6422251281124427
-0.18855011560028082
-0.6526244147171157
-0.8036913364877499
-0.4431209606202275
-0.479143925786712
-0.5232565782446418
3.247965154505768
-1.902813609863011
6.912983631813811
-1.5249766121235402
-0.2823343477682926
-1.4150151915139746
-1.9126142444364793
0.6921720590099164
-1.1478848297930477
-0.5287777481772746
-1.1701437606256826
-0.6825253197540835
-0.7105432773068734
-1.9269339391976417
-0.48738970136736687
-0.5711316115669071
1.3934710730344395
-0.5275904006628037
2.7900276581671886
-0.12472584185114342
-1.6524413033784868
-1.2887923256030933
-0.731968661522261
5.345949501530795
3.3067883851533346
-0.9096845595122567
0.7779119937777524
0.011541248212053611
0.018463721826069663
-0.014545761409256328
-0.017337680632460755
-0.01129181165794376
0.010757308895159044
-0.0162822080324848
0.016458942785752956
-0.018623797809449463
0.01417287937383981
0.014480313995557745
0.004223844183434338
0.012978989171461678
0.017168684462439198
0.010311820324500905
-0.0027750122820742185
0.00892478114866329
-0.01851642939809428
-0.01997039665117133
0.001542255964724612
0.011308990867790716
-0.004680906375247127
-0.011451959278738748
-0.01961354753205056
-0.008713385685014324
0.016356197194284643
5.185187776586934E-4
-2.667050136485431E-4
-0.003920769014134389
-0.018969528953149056
-0.013299759802787494
0.004737855291712823
-0.013262966569242866
0.01667928876345536
-3.1307792960399636E-4
-0.010033002367359965
-0.0051600377620051405
0.012284299085343512
0.0023614041477127944
0.013332346541082781
0.010433485124228002
-0.0150741686023434
-0.019010294264312225
0.016651530419718074
0.015749553357284726
-0.015862944456229138
0.002386182897008156
0.014437248660553775
-0.007186037669416381
-0.0037130642278404118
0.019225749748868804
-0.013959920200409499
-0.019731245509314443
0.014761801066510868
0.013747990957997443
0.016330510664995804
0.011517496100336092
0.0028732896102818296
-0.006097165176841744
0.004651369492972259
-0.009672720461619667
0.01482770539998807
-0.006639252645532778
-0.002009044153646597
-0.004385732546214785
-0.01785906904558134
-0.016346916449704065
0.013530391268605165
-0.012883430107149998
0.002518485050804556
-0.0075037591885543185
0.018262090169707073
0.007959295825487295
0.017015620896452418
-0.013382695077580335
-0.012945756425551246
7.325275008966299E-4
0.002831296761526811
0.015075093144131992
-0.0011298945340695449
-0.006730274847470286
0.017976344746818872
-0.004080968237221566
0.0019268022499135777
0.009963064557922327
0.013860018867864195
0.010008486177015136
-0.019841053475699828
0.01915061530090772
-9.253624067120242E-5
0.016399764993548043
0.005185295558516434
0.011672939102689125
0.010986525081233468
0.008480385329047019
-0.014778641417687303
-0.0037984235732804704
0.004867269817689691
0.009893881528654506
0.004171510666292323
-0.018391123192637086
-0.01606707106515543
0.01131282407050541
-0.01878392334349256
0.011943035186486855
0.016019736502015578
0.004118705510189679
-0.019024259796578413
0.006289540982129419
0.004402113519644271
-0.019330188120660882
-1.5813762091274747E-4
-0.009832440579435971
-0.017433528009270935
0.006573156088250581
-0.018268922153791098
-0.008753019125402264
0.014893917920319365
-0.0016138979005611287
0.0010459168440705748
-0.0030062939698338245
-0.009442318681788393
-0.007276915824133031
-0.0033309472530558375
-0.009075131951754334
-0.01064376830517925
-0.0010808147458768805
-4.941787418655565E-4
-0.013684346747136655
-0.002377871547307609
0.012687559733639043
-0.009867093829636128
-0.007104970758643478
-0.0045486150741650185
0.012473078954332893
-0.016298343975855167
0.00441650855714738
0.019867492387205598
0.0041643965426383656
-0.01990595159187387
0.006634365918641683
0.008286035894966258
0.017642157079320094
0.0046225369763957455
0.01152303109355107
0.01369964088501267
-0.0075239850831985595
-0.014244280238590545
0.014344591463580084
-0.006503180876939081
-0.0062909153550021555
-0.008317142289950952
0.0010143188056635465
0.008701213162062196
0.003874478806100652
-0.01269144690967237
0.0011934982057888975
-0.015086766663349151
0.01831059370354614
0.014791719287524017
-0.003610968083534078
-0.011717751702219456
0.013322855545862839
-0.01898293594275935
0.017176104639761356
0.005360707420829312
0.007299042197958527
0.013154258277017532
0.016316832515686348
0.009461015178218367
0.012876445199254852
0.012263686133424902
-0.003438110856402256
-0.014181246092814584
-0.018962320455257583
0.013843573233374488
0.01122778433102059
-0.0066024925983217565
-7.219580475298464E-4
0.013351500818568823
-0.01068313811329531
-0.006239912676008031
-0.017262322582362107
-0.019603456745924567
0.006081149725218088
0.0047277591091170815
0.0038267167711211643
-0.005609693758481646
-0.00994918100927726
0.01733968103251603
0.017919347000701063
0.010113547570870726
0.0032221556397547743
-0.012527065230044054
0.014877377786516478
0.01637429112278801
0.013862182370861297
-0.003914601673124983
0.007604227122136105
0.008531491544303292
0.0013117133932822253
0.006566339806926912
-0.015155785461059189
0.003722058666169606
-0.010416783657801973
-0.013596574059748966
-0.00613088338993756
-0.0013826075884498697
0.005046737138175727
-8.631810864935703E-4
0.018982737697962177
-0.010971766904373452
0.011259519702411017
-0.004989219111574678
0.017440973529508203
0.0192912573433548
0.017044643802691713
-0.013657450820574813
-0.017206307753662803
0.012062635794950111
-0.018227492505954672
-0.007819132596261965
-0.003975052905323136
6.59142773837277E-4
-0.0010479111579352642
-0.013163078584647426
-0.009981004057016398
0.004879184170914284
0.01234928818881571
-0.016690071099718033
-0.012154951646464478
0.01446886070352085
-0.003562360239470156
-0.007070037500014878
-0.014888697628467815
-5.836778147539252E-4
0.018223618681874745
-0.008412575915806965
0.010875198608566818
0.0193137971165503
0.003029609984801316
-0.017495319289753668
0.009379233012537246
-0.010367145889980715
0.018856751556965038
-0.006846601685495007
0.005500955366227869
-0.004902793788501735
0.009494659298911592
-0.017776562529025867
0.008444188323045842
0.01701915187464682
-0.0136374454940374
-0.007358312760342925
0.014089924898255581
0.01627389991943647
0.013198296539453837
-0.009231912063508775
-0.00480628045166398
0.008775116265482406
0.007449401278693372
-0.0032989470689587935
0.0035096349700822933
0.00497851328503424
-0.0027881313211715816
-0.006858808859400916
-0.0017647066957242157
-0.015220615560657059
0.01835300131190316
-0.006462367994848872
-0.013291336961656883
0.009098623569626717
0.010150022377306361
-0.0028846754155239865
0.018529602520007463
-0.011435887414687405
0.008197910557017702
-0.00419331376638871
-0.01637320563557018
0.008828516793968278
0.0035642822244174137
-0.008912827279332198
0.019359130855040253
0.014341927475891792
0.0037770969248378354
8.954826826176425E-4
0.008269262908235195
0.0010234557628256286
0.01450196107787986
-0.018423710291009164
0.0034743238646933426
0.019439429026362618
0.012446448974296202
-0.0069309614923641315
0.009374320757860731
0.0117328866826284
0.0075229111379565075
0.0011156834956480219
-0.017922178773651855
0.015291725914412638
0.010305517673680546
0.001073869570709287
0.018606797863126173
9.072707639525696E-4
0.004820916110995405
0.007114895182937123
-0.01338556301300633
-0.008131000435292126
0.0015773489749318463
0.001983259733061179
0.014777803265356989
-0.007889286995756924
0.01483831413300932
-0.013862383149903495
-0.009702524548430666
-0.0015463751087127602
0.0028202960163826313
-0.0032909175020655775
-0.012067872563762152
-0.009156463362081589
-0.017915035884818575
-0.005662849461103301
-0.016508972048595694
0.005953015433239461
6.119326689601225E-4
0.007146425590546044
-0.010181910099149257
-0.012889766638702942
0.01808605137435949
-0.008268555221336764
0.018639574346851668
-0.00464364630247263
-0.006306405032801651
0.011918446935309867
0.009756001745802708
0.0033590191765964124
0.017483698361217045
0.005029164814822452
0.003104194656614264
-0.01912774453935894
0.016232158661419308
-0.012247804387293488
-2.1055179060806145E-4
-0.0016469219064282302
0.016370588383950214
0.003345203223881231
0.009014067136231842
0.018306199212206577
0.013074338977047007
-0.01355093741969533
0.0017323250239755818
-0.01991027019718505
0.01274948785692814
-0.003584942888034723
0.01106255009492639
-0.019152512323109844
-0.00787212382801716
0.0063720698339560095
-0.011431860963121019
0.005567701475383033
-0.007492619852144831
0.004297544155650031
-0.014384585085508706
-0.0016857094891531907
0.007774421426760162
0.005747770265718568
0.014580317734830681
-0.014071593465828718
0.018976695996909317
0.0018725344560954725
-0.004095468855086014
0.011143133292461332
-0.0021308828150033883
9.829032829717643E-4
0.008081871028344643
0.002464100110662438
0.002880699173352874
0.008541937296178387
-0.01568641103597312
-0.0071461378526665835
0.014846035024761315
0.006448570575043555
0.008393568820796057
-0.0026310561358419554
0.008518636145097753
0.001281538727935988
-0.012736744886860003
-0.01096841181568144
0.012808622438517606
-6.17878644939146E-5
-0.013092984021780772
0.019965292339192597
0.0016557003055734792
0.004322983452696275
-0.012355554854366041
-0.0014159860456045073
-1.3606719121400657E-5
-0.011458053966100876
-0.016412068640458806
-0.018976704122149413
-0.002384886968359777
0.007050748035792819
-0.003169400560541432
0.005754940613364921
-0.017294449115589656
0.017977464020860822
0.018776739387279705
0.01820491924649188
0.017984220888867492
7.312771409757647E-4
-0.0014452111673182166
0.01820858001432007
0.013149650918151162
-0.018319039640809442
-0.01972776986254606
0.019744818149938215
-0.005487826556826666
-0.0010793356619585304
-0.011747858549176055
-0.01286365366876652
0.011858910096499097
-0.01647650236870744
-0.006006864591995762
0.017377702899913656
-0.012111096079671264
0.00790486692979685
-0.00213310547044011
0.017683100717664605
-0.018359822015991765
0.014968702449549818
-0.006946933649828716
0.012628526950219838
-0.008093879083046564
-0.00454004803511673
0.007673027426757496
0.011357574564475576
-0.014479830783466215
9.054743848656253E-4
-0.002483001666661943
0.01119519178855826
-0.01502843796903459
0.01977684564854929
0.01742550732329941
0.006835779735863433
0.016138560412575612
0.009840394842737618
-0.018905490099530468
0.019928583568523336
-0.016345071591642592
0.007973117190917103
0.017449673290991497
-0.010088730191217988
0.01824511317948307
-8.248918965521983E-4
-0.013649820746267851
0.018253145723919072
0.008757093758891343
0.001985710572603234
0.01565281962182383
0.007269525247994863
0.01622483099430261
-0.019644515874121023
0.0098111041578955
-0.019066518896585647
0.00844751264378412
0.008303820513548287
0.0022157734233855253
-0.019696903575160005
0.006036401635530399
0.013511550640388007
0.0023651194775748327
-0.0024223912487507243
0.005970951723593555
0.010921178410236293
0.0072281196809038765
0.0060823938986992
7.296622684891119E-4
-0.00897498214267939
-0.019017270830366362
-8.690324289066173E-4
0.00806268336766847
0.013408038963065558
0.019415463960791923
-0.005644505409924134
-0.01178877300554006
-0.0037934228212815786
0.0065443535285942545
-0.005631774200397826
0.010940510452640995
-0.00565815131070083
-0.006195008895735113
-0.01988824577285591
-0.7152501261913619
0.42997357875681114
-1.5027100774828404
4.020538894758737
-3.2517905586637776
4.08292439876323
2.37354093309261
2.795527869587412
-0.22635318172540547
-0.756297270322928
-1.061406013172447
-0.4485192733521895
-0.518866510775314
-0.5616407605354015
3.6471220447688437
-1.8608282847034958
9.152909702546733
-1.456898253428268
-0.502105219183363
-1.3870889431021198
-1.852766762557331
0.7805401757039827
-0.3446721329455514
-0.5151830797853516
-1.1396055532794116
-0.8754355230691115
-0.8124167989621922
-1.9092706881197081
-0.5202101129625906
-0.39898061971509124
1.4925710987637508
-0.09468032157826474
3.3639510487776096
-0.13447105808946874
-1.6366309622157766
-7.000118184963178
-0.8322898892664683
5.545461767063014
5.7879718443277755
-0.6631163063321114
1.1954434837001457
-14.659984421265783
-5.310965758230044
-3.080022903664642
-3.475344780695149
0.3912001155936333
-5.444769054223049
-17.48019871504397
-1.890195151191062
-10.892002117760676
-10.099717878201188
-11.48130523282597
-8.176061309142051
-6.932008554600213
-12.972242895416647
-9.513749472425065
-3.4538468163225704
-10.149909755162659
-2.9128095084604424
-13.48659653653577
-3.3304853903669023
-0.15930230386582073
-6.226391914712224
-5.65013689902701
-3.6637490968326327
-1.5359272877091859
-19.431464084503666
-26.900736906556766
-3.8348509481635222
-13.663827529437155
-2.320530280553347
-1.2351900144220347
-8.792461092827956
-24.718900161604292
-12.873575886779909
-5.371044430926234
-4.0336631485031775
-16.424295328395587
-19.353817320751848
-19.01112874794221
-23.977896772840232
-14.956670881964662
-1.9380425871953895
-0.7802444337018738
-1.7807486647823387
-0.7698910525216014
-18.335588665238106
-1.792511341402807
-0.7859665943993751
-63.052292136542
-0.7699649315467828
-2.479124806239317
-0.7671785142355073
-3.368017436438669
-4.493892517295784
-0.6929029124967816
3.384456165579169
-0.710939501132721
-0.38848692053308514
-17.090685941044544
-0.7055291958892028
9.882376287058523
-0.6945676474675302
-3.622381181247942
-0.7032731871655011
-12.798710855893793
-13.249088528844677
-0.6837003781395479
-17.08543133810487
-0.6597301694416161
-17.84501218331822
0.2535624896624311
-0.6675473918811805
-0.9076045417956069
-0.6718834259644252
1.1867482225873094
-0.6554224129836449
-13.017094653255086
2.065892504431581
-0.7835200844952788
-22.944938958391052
-0.7729946326292237
-11.304482821026353
-20.87088069907038
-0.7762586677294079
2.462165607832354
-0.7557265095801965
-2.3938462957402185
-0.7634775130245465
-16.687935740925273
-12.607158013613624
-0.6925031617733414
2.2002820223420922
-0.6672185224436824
-2.0343632142270964
3.922716321928855
-0.6634194840300669
7.733411078899798
-0.657544120566978
-2.8951229368048645
-0.6890443740020136
-7.555670302531171
1.138652768525272
-0.7156464764680325
-1.496455920382817
-0.7189295625696792
-1.0013103166917503
-12.123638585302208
-0.7026020431595884
2.3115177287200184
-0.7038016726049903
-1.0539820963391067
-0.7047452264760774
-7.4947431966041
3.9975750091412428
-0.9185327144813826
-7.13724927709535
-0.9045666120692928
-4.122852597669302
-3.513371835617817
-0.8992857928494762
-8.492206042160726
-0.9094746385085454
-1.1438360939292962
-0.9158608459989538
-8.237155361870352
1.145399456283088
-0.7175080817848922
-0.7156301931028822
-0.7060204590433671
-0.09129880026151112
-29.484033893796674
-0.6919712666982415
1.3739257058617491
-0.7124701734847249
-3.8593662005014533
-0.6986051376278066
-4.754160421454835
-2.5878969203312385
-0.69380371510248
-11.963130682421182
-0.6782544997089106
-17.115914117097834
-10.339421948682213
-0.698259688360043
-0.4326326717590686
-0.7043113971763804
-0.5897812231749034
-0.664080459420405
-0.8409138023660747
-34.746143894490544
-0.7989162691222327
-0.7161898158313817
-0.8114065240854735
-21.807359576663213
-2.6134681481198108
-0.8331180828294865
0.07389204853564302
-0.8239557469189892
-7.836365587079564
-0.8059569954856447
-12.17152779993628
-16.91738874188248
-0.7508165508198535
0.03027553142591548
-0.7463894658317284
0.6985395899639157
-0.21377517824674752
-0.7393598676689537
2.566407723945319
-0.7507552864529093
-12.510672379096711
-0.7251018729727949
-1.499906226056129
0.8025325943770345
-0.6734308155188146
-4.301899083813554
-0.6503701452116574
-5.135490276207261
-14.748036061534732
-0.6761480953898205
7.827421817001804
-0.6393096372938559
0.24096198037467983
-0.6396306398227687
-2.973493077150495
-1.8393489437758168
-0.6836034968995691
-4.299489177556923
-0.6683028433420972
-4.00212503352125
-9.696055729740207
-0.6679931855621329
0.06376704050382295
-0.6794449541031589
3.049591237055567
-0.6566851066368306
-6.9516816699301955
-28.560551199713185
-0.7017275313063212
-3.0338939206768676
-0.7300006343971535
-1.2064320532788746
5.805633108362693
-0.7203797682856271
-5.031514811267744
-0.72348618491462
-31.56041659712663
-0.702075634754736
-3.929867781512826
0.12362486608393068
-0.7488976738183193
0.8414135804261047
-0.7875690555746127
0.6778668420286931
-27.63831795984851
-0.7740883278237021
5.3296773985238115
-0.7735556789422905
-3.1549515397428944
-0.7628628892604452
4.30192020344341
-13.660775329831496
-0.6815432201375812
1.0967335813734396
-0.6601678226719475
-4.2278535902160375
2.102930262696237
-0.6780551225692688
8.206808623649069
-0.6804504900967067
0.5746376983757642
-0.685485837191099
-8.309194195168066
3.360297138631054
-0.867945196804823
5.030562430114796
-0.8840478449321653
-1.1147747402678567
-4.532797049065708
-0.8940287650369323
-18.875477084382865
-0.8893409837900967
0.9411044076623982
-0.8887272765184242
-5.835982929533711
-8.625195622869079
-0.6633375924292622
-14.528943607207443
-0.6710763636668151
-7.007858255693024
0.3660568135563963
-0.666426124730182
-1.1334285618470124
-0.6822830665231546
1.1819586658381385
-0.6681713429743578
-8.31895888369113
-1.8406073017056759
-0.7803197213738335
0.26143914242215077
-0.7957421577351089
-16.85885231316857
-2.4366561229880204
-0.7751739693609001
-9.389515004136571
-0.8004122210700092
-4.07768068135577
-0.7847586381539561
-23.109469993643607
-9.576436830969872
-0.6396489048435583
-15.304364858504039
-0.6567416314622497
-8.930811181033299
0.34133286796938034
-0.6394464901183263
-1.1046041360283627
-0.6352798091178197
1.1930671053695245
-0.6631807311762234
-8.609279688813212
-1.5033557215405624
-0.6649009470087601
-10.442541513641473
-0.6519779448132589
-2.016836854348353
0.9639462233590617
-0.6665049087433856
2.6820657556541807
-0.6535284221705291
3.0476908007120356
-0.6524584901524227
-4.6261391445276825
-2.879069473983553
-0.650278948357551
-5.28272586595454
-0.6654536521712165
-0.3317568255407497
-9.542333827205786
-0.6556384481802052
-0.751422526834431
-0.6585655478368282
-0.47400646235683747
-0.6655730059243655
-7.822892659706261
-4.97218811497309
-0.7430802713532371
-4.4694000813027035
-0.7681797862488604
-10.371971626113076
-16.232022356181208
-0.7620309077661983
7.08282693427183
-0.7486693961626085
-0.9075037816016314
-0.7666596742571541
-6.1256519896984765
-2.126150438472251
-0.6549409832615758
-10.428692661718152
-0.6683161443827128
-15.89115754490674
-9.75248919282352
-0.6695516447274391
-0.25879246885011153
-0.6623537883264493
-1.0189340188802314
-0.659292942282418
-0.4458835035678613
1.4701870437353535
-0.6551074484551234
0.6583275960368136
-0.6536130919280202
-2.9659238395401344
2.729080594730206
-0.6507570489139741
4.833361989537848
-0.6576457311216745
6.868814207148167
-0.6673264792397512
-5.96164825014592
-2.074450885163152
-0.7700524311196923
4.283504298912222
-0.7732279892281451
-1.9715232686348914
-3.6645352100496407
-0.7666637526718413
-17.337491014204666
-0.7674323807913568
-4.571050633311327
-0.756871541296621
-5.218290515412525
-11.526598159865012
-0.8159926857095386
-1.7558374485415256
-0.8114474732499886
-5.12812938256524
18.169647832328845
-0.7836314433148328
-17.32466879067207
-0.8213837978601447
-4.686401278261618
-0.7945571238236976
-4.0324326323856825
-20.761085298223982
-0.6953184924489748
0.7834464300778149
-0.6955354585497172
-8.215941814145566
1.8751757690141682
-0.6820899452799073
2.9618139150466867
-0.6877072835458418
-1.1972707425910494
-0.6794524268031444
-9.625751478770576
-6.545092624452219
-0.6904953732722071
-8.269657418679646
-0.7146673657824214
-2.0734090497265165
-2.170238058714428
-0.7182792077003802
-3.2895571928341583
-0.7088401727670478
-0.9496636101977599
-0.7043834903199909
-13.086482913079585
0.44617656241117437
-0.7419442546591632
-0.6397420925164546
-0.7251832535200331
-0.11858600973169883
-24.88844941487995
-0.7345091143058178
1.3920101786690127
-0.7254008962243107
-3.682905889232165
-0.7349996472215586
-8.856081339130746
-1.5111913945398325
-0.6723885097950989
1.3747252211512555
-0.6896696414517101
-0.1398889777252082
-16.625423754112216
-0.6801344309541151
4.342292508627956
-0.6921036407274834
-3.924576326694741
-0.6905943969490685
-8.742799546629126
1.170135184248743
-0.8933798876868675
1.0226437887040534
-0.8783380150674504
-22.160634443662083
-63.71158977232499
-0.8751892543575414
0.8568547497625749
-0.896547557989112
-11.847337825384292
-0.8933825996603482
-45.2257797308214
18.72447173808394
-0.8290173705556529
-21.091565397369468
-0.8063515709197054
0.5959723731870291
-20.483571837160994
-0.8362083389693874
9.123941790052944
-0.8089693553798443
4.655517435106154
-0.8156030744752566
-2.8046129980294885
-2.5175307474868864
-0.6773857211027647
-11.544431368640371
-0.6871206732723358
-17.040772674508553
-10.127754140907902
-0.6844136524257557
-0.41370799051244134
-0.7072778737639083
-5.799343776910667
-0.6750528601598664
-0.8062118486585025
-23.646213301619035
-0.6907706944035511
-0.20880625557441584
-0.6974509432463873
-10.375892767919325
-0.8309840269934909
-0.7234004559198367
1.6598912173661358
-0.7118389288489447
2.1365830592715276
-0.7001398570814744
-10.577304989404977
-3.150257739839222
-0.9363562420517946
-0.9749837630980195
-0.9481590402719755
-14.38748710912865
-0.01211094542556267
-0.949432431227203
-3.022277584142617
-0.9316917592791879
5.087818030340689
-0.9512363661391848
-13.262355176144528
-4.43875465018968
-0.9955785013748345
-6.8430952535328515
-1.0053482356208086
-1.5463871652908043
-1.5562682721496501
-1.0070405731444334
-2.61981481751461
-0.9944201760400865
-1.2050380033182746
-1.0068533979757868
-20.306542291610867
1.8002028981228346
-1.2569330732277906
-44.55355215803033
-1.2661014278225966
-16.50421879370126
0.27425010475669226
-1.2623082848382525
-1.1285652721530495
-1.2634689900381162
0.32572171642464437
-1.252186379608447
-0.03812120944783471
0.4290879049068474
-0.796567316102733
1.6682803321877695
-0.805210414193094
-6.446065857351488
-2.627575941373309
-0.8083990252774689
-1.0156375384339744
-0.8082159107647175
-6.460168344822992
-0.7927882456608462
-3.286224962106724
-16.721461716171742
-0.9935497823747773
-24.407635622036764
-1.0070102424074459
-0.4298254656080927
1.3254883280903251
-0.9970593156490585
-0.05651355425802186
-1.0194622231645798
-0.5829113530225586
-1.0083950560445356
-10.577251177615466
-6.6795905308776025
-0.8018912784058692
-19.566501218168966
-0.7991141170507147
-3.892691178225013
-3.820903933385655
-0.7977851616292022
5.533229790342074
-0.8146865680216211
-1.4242703156940129
-0.7970432748080855
-3.7517116498589953
-0.9892530559707144
-8.401694135019161
-1.0559294596500273
-8.399447148779624
-1.220911988220616
-0.4395241531537408
-8.399578908217126
0.27002420750572365
-8.3992896118518
-7.198829425820931
-8.401386037306779
-1.431348328910384
